N= 262144 d= 2 bs= 16 density= 2.38419e-07
num_blocks=16385
nnz=4194560
Making elapsedTime=5284.549000
Coo and file elapsedTime=1959.659000
serial  elapsedTime=122.200000
13.500000 13.554000 3.272000 1.546000 1.549000 1.544000 1.549000 1.558000 1.556000 1.553000 1.545000 1.554000 1.544000 1.552000 1.553000 1.552000 1.555000 1.553000 1.553000 1.551000 51.173000 50.434000 4.657000 4.657000 4.647000 4.650000 4.652000 4.650000 4.661000 4.652000 4.653000 4.645000 4.651000 4.659000 4.648000 4.653000 4.647000 4.650000 4.649000 4.649000 24.428000 12.222000 2.275000 2.265000 2.264000 2.268000 2.267000 2.262000 2.264000 2.267000 2.267000 2.264000 2.261000 2.268000 2.263000 2.269000 2.266000 2.267000 2.266000 2.192000 
N= 524288 d= 2 bs= 16 density= 2.38419e-07
num_blocks=65537
nnz=16777472
Making elapsedTime=11721.352000
Coo and file elapsedTime=7867.471000
serial  elapsedTime=413.776000
53.779000 5.964000 5.350000 5.220000 5.222000 5.219000 5.220000 5.225000 5.228000 5.227000 5.226000 5.223000 5.217000 5.229000 5.204000 5.226000 5.224000 5.209000 5.214000 5.215000 147.195000 11.274000 11.266000 10.862000 10.853000 10.859000 10.861000 10.843000 10.858000 10.860000 10.853000 10.860000 10.849000 10.856000 10.859000 10.866000 10.862000 10.847000 10.870000 10.859000 38.047000 5.964000 5.766000 5.765000 5.776000 5.763000 5.786000 5.766000 5.765000 5.769000 5.764000 5.769000 5.769000 5.768000 5.767000 5.765000 5.792000 5.770000 5.768000 5.763000 
N= 1048576 d= 2 bs= 16 density= 2.38419e-07
num_blocks=262145
nnz=67109120
Making elapsedTime=28966.919000
Coo and file elapsedTime=30641.541000
serial  elapsedTime=1524.807000
214.768000 20.797000 20.835000 20.830000 20.829000 20.812000 20.808000 20.805000 20.786000 20.836000 20.807000 20.854000 20.845000 20.817000 20.821000 20.812000 20.769000 20.798000 20.854000 21.001000 385.326000 33.800000 33.807000 33.762000 33.796000 33.778000 33.819000 33.743000 33.795000 33.811000 33.836000 33.802000 33.796000 33.756000 33.818000 33.740000 33.781000 33.780000 33.795000 34.153000 22.887000 19.215000 19.219000 19.194000 19.211000 19.203000 19.206000 19.186000 19.175000 19.200000 19.216000 19.178000 19.212000 19.220000 19.185000 19.208000 19.177000 19.212000 19.388000 19.392000 
N= 2097152 d= 2 bs= 16 density= 2.38419e-07
num_blocks=1048577
nnz=268435712
Making elapsedTime=80968.176000
Coo and file elapsedTime=132750.682000
serial  elapsedTime=6492.640000
861.745000 84.545000 84.500000 84.470000 84.684000 84.583000 84.553000 84.759000 84.785000 84.776000 84.674000 84.808000 84.796000 84.778000 84.821000 84.900000 84.814000 84.683000 84.866000 84.714000 112.823000 112.605000 112.633000 112.551000 112.609000 112.564000 113.025000 113.089000 112.994000 113.024000 112.961000 112.890000 112.974000 112.942000 113.057000 112.982000 112.957000 113.012000 113.059000 112.961000 74.684000 68.309000 68.341000 68.356000 68.310000 68.418000 77.014000 68.512000 68.597000 68.573000 68.560000 68.520000 74.671000 68.558000 68.496000 68.618000 68.554000 68.549000 74.688000 68.564000 
N= 4194304 d= 2 bs= 16 density= 2.38419e-07
num_blocks=4194305
nnz=1073742080
Making elapsedTime=258015.660000
Coo and file elapsedTime=521498.337000
serial  elapsedTime=25503.629000
CUDA error at testing_modules/pq_test.cu:233
  out of memory
N= 8388608 d= 2 bs= 16 density= 2.38419e-07
num_blocks=-8388607
nnz=-2147483392
Making elapsedTime=144457.972000
Coo and file elapsedTime=20.291000
serial  elapsedTime=22.232000
CUDA error at testing_modules/pq_test.cu:233
  out of memory
