N= 1024 d= 2 bs= 8 density= 0.000976562
num_blocks=1025
nnz=65600
Making elapsedTime=28.228000
Coo and file elapsedTime=29.867000
serial  elapsedTime=1.408000
0.458000 0.402000 0.401000 0.443000 0.456000 0.447000 0.451000 0.440000 0.441000 0.477000 0.400000 0.401000 0.415000 0.434000 0.426000 0.426000 0.426000 0.426000 0.428000 0.414000 0.654000 0.652000 0.640000 0.650000 0.653000 0.654000 0.653000 0.654000 0.653000 0.653000 0.654000 0.638000 0.650000 0.649000 0.653000 0.653000 0.648000 0.653000 0.651000 0.652000 0.398000 0.389000 0.379000 0.390000 0.388000 0.376000 0.382000 0.396000 0.383000 0.394000 0.383000 0.395000 0.379000 0.383000 0.389000 0.401000 0.388000 0.394000 0.387000 0.386000 
N= 2048 d= 2 bs= 8 density= 0.000976562
num_blocks=4097
nnz=262208
Making elapsedTime=69.126000
Coo and file elapsedTime=122.774000
serial  elapsedTime=5.586000
1.196000 1.070000 1.060000 1.050000 1.071000 1.060000 1.058000 1.065000 1.050000 1.046000 1.069000 1.055000 1.073000 1.060000 1.066000 1.060000 1.051000 1.047000 1.052000 1.052000 1.978000 1.858000 1.976000 1.876000 1.890000 1.889000 1.861000 1.951000 1.951000 1.971000 1.901000 1.968000 1.950000 1.858000 1.955000 1.886000 1.949000 1.866000 1.953000 1.951000 1.117000 1.079000 1.105000 1.042000 1.055000 1.072000 1.103000 1.059000 1.073000 1.049000 1.066000 1.080000 1.089000 1.070000 1.100000 1.074000 1.074000 1.055000 1.073000 1.085000 
N= 4096 d= 2 bs= 8 density= 0.000976562
num_blocks=16385
nnz=1048640
Making elapsedTime=223.209000
Coo and file elapsedTime=480.034000
serial  elapsedTime=22.065000
3.787000 3.709000 3.765000 3.659000 3.690000 3.692000 3.713000 3.705000 3.717000 3.714000 3.674000 3.619000 3.617000 3.633000 3.607000 3.621000 3.611000 3.621000 3.610000 3.619000 6.015000 5.469000 5.488000 5.559000 5.482000 5.572000 5.559000 5.520000 6.002000 5.568000 5.480000 5.606000 5.525000 5.472000 6.170000 5.545000 5.579000 5.444000 5.561000 5.465000 3.660000 3.722000 3.629000 3.634000 3.642000 3.649000 3.678000 3.600000 3.678000 3.655000 3.655000 3.659000 3.660000 3.685000 3.650000 3.644000 3.606000 3.592000 3.612000 3.644000 
N= 8192 d= 2 bs= 8 density= 0.000976562
num_blocks=65537
nnz=4194368
Making elapsedTime=817.857000
Coo and file elapsedTime=1894.428000
serial  elapsedTime=88.753000
15.777000 15.586000 15.574000 15.653000 15.469000 15.576000 15.509000 7.871000 3.899000 2.059000 2.069000 2.064000 2.073000 2.062000 2.064000 2.072000 2.061000 2.056000 2.068000 2.072000 18.995000 17.944000 18.740000 18.626000 19.202000 18.203000 19.033000 9.570000 2.883000 1.573000 1.569000 1.611000 1.532000 1.542000 1.518000 1.600000 1.621000 1.621000 1.617000 1.608000 13.525000 13.539000 13.543000 13.521000 13.460000 13.416000 6.795000 3.109000 1.183000 1.180000 1.180000 1.181000 1.178000 1.187000 1.179000 1.186000 1.181000 1.185000 1.183000 1.186000 
N= 16384 d= 2 bs= 8 density= 0.000976562
num_blocks=262145
nnz=16777280
Making elapsedTime=3225.318000
Coo and file elapsedTime=7832.330000
serial  elapsedTime=367.976000
59.278000 59.090000 29.010000 8.393000 8.377000 7.267000 7.037000 7.020000 7.015000 7.019000 7.028000 7.031000 7.036000 7.013000 7.017000 7.014000 7.044000 7.025000 7.005000 7.072000 64.230000 64.562000 14.629000 5.451000 5.478000 4.614000 4.458000 4.437000 4.454000 4.467000 4.452000 4.473000 4.448000 4.471000 4.424000 4.452000 4.474000 4.469000 4.418000 4.451000 52.294000 26.012000 4.511000 4.510000 3.901000 3.757000 3.753000 3.759000 3.764000 3.759000 3.753000 3.755000 3.757000 3.757000 3.755000 3.756000 3.754000 3.752000 3.754000 3.757000 
N= 32768 d= 2 bs= 8 density= 0.000976562
num_blocks=1048577
nnz=67108928
Making elapsedTime=13419.633000
Coo and file elapsedTime=30207.847000
serial  elapsedTime=1481.380000
265.010000 37.290000 33.150000 33.153000 33.147000 33.215000 33.178000 33.169000 33.108000 33.094000 33.134000 33.066000 33.090000 33.216000 33.127000 33.131000 33.172000 33.132000 33.119000 33.124000 238.405000 16.659000 16.217000 16.180000 16.162000 16.150000 16.231000 16.169000 16.200000 16.175000 16.179000 16.231000 16.130000 16.144000 16.154000 16.139000 16.205000 16.134000 16.134000 16.174000 17.440000 14.495000 14.498000 14.495000 14.492000 14.495000 14.502000 14.491000 14.498000 14.497000 14.493000 14.497000 14.496000 14.495000 14.497000 14.500000 14.497000 14.490000 14.504000 14.499000 
N= 65536 d= 2 bs= 8 density= 0.000976562
num_blocks=4194305
nnz=268435520
Making elapsedTime=54688.806000
Coo and file elapsedTime=121374.997000
serial  elapsedTime=6143.702000
1113.362000 198.158000 198.398000 198.312000 198.006000 198.122000 198.026000 198.701000 200.780000 200.550000 201.052000 200.559000 200.744000 200.816000 200.771000 200.667000 200.779000 200.661000 200.651000 200.754000 62.377000 60.592000 60.492000 60.579000 60.490000 60.727000 60.503000 61.333000 61.325000 61.346000 61.297000 61.339000 61.201000 61.311000 61.181000 61.339000 61.329000 61.155000 61.225000 61.364000 63.075000 57.221000 57.204000 57.202000 57.233000 57.220000 57.229000 57.833000 57.846000 63.109000 57.857000 57.828000 57.853000 57.859000 57.838000 57.833000 57.831000 57.825000 63.067000 57.824000 
N= 32768 d= 2 bs= 8 density= 3.05176e-05
num_blocks=32769
nnz=2097216
Making elapsedTime=1063.138000
Coo and file elapsedTime=1030.310000
serial  elapsedTime=51.163000
6.961000 6.916000 6.832000 6.825000 6.779000 6.910000 6.771000 6.757000 6.786000 3.448000 3.447000 1.499000 0.810000 0.798000 0.805000 0.803000 0.801000 0.802000 0.804000 0.802000 14.043000 14.074000 13.986000 13.917000 14.026000 14.017000 14.030000 14.044000 13.955000 7.028000 7.005000 1.711000 1.215000 1.223000 1.218000 1.221000 1.218000 1.206000 1.214000 1.219000 8.798000 8.832000 8.840000 8.838000 8.779000 8.780000 8.779000 8.794000 5.755000 4.437000 1.732000 0.790000 0.789000 0.787000 0.787000 0.787000 0.792000 0.789000 0.788000 0.790000 
N= 65536 d= 2 bs= 8 density= 3.05176e-05
num_blocks=131073
nnz=8388672
Making elapsedTime=2105.372000
Coo and file elapsedTime=4048.764000
serial  elapsedTime=211.118000
27.774000 27.688000 27.541000 13.896000 3.302000 3.282000 3.293000 3.280000 3.297000 3.291000 3.288000 3.287000 3.287000 3.282000 3.272000 3.298000 3.285000 3.283000 3.276000 3.276000 46.029000 46.255000 45.946000 10.756000 3.910000 3.925000 3.898000 3.915000 3.908000 3.917000 3.922000 3.909000 3.910000 3.913000 3.915000 3.903000 3.911000 3.920000 3.905000 3.915000 30.386000 30.229000 15.185000 2.666000 2.663000 2.660000 2.658000 2.659000 2.659000 2.662000 2.658000 2.661000 2.660000 2.657000 2.658000 2.660000 2.661000 2.661000 2.657000 2.656000 
N= 131072 d= 2 bs= 8 density= 3.05176e-05
num_blocks=524289
nnz=33554496
Making elapsedTime=7570.361000
Coo and file elapsedTime=15776.061000
serial  elapsedTime=811.144000
112.936000 13.630000 12.751000 11.788000 11.817000 11.841000 11.836000 11.804000 11.806000 11.825000 11.779000 11.866000 11.798000 11.777000 11.790000 11.819000 11.814000 11.781000 11.821000 11.862000 156.013000 13.195000 10.893000 10.877000 10.906000 10.898000 10.880000 10.898000 10.878000 10.893000 10.906000 10.885000 10.870000 10.883000 10.888000 10.878000 10.878000 10.874000 10.899000 10.876000 18.970000 8.812000 8.079000 8.080000 8.075000 8.072000 8.076000 8.082000 8.074000 8.081000 8.076000 8.073000 8.075000 8.077000 8.081000 8.079000 8.077000 8.077000 8.082000 8.082000 
N= 262144 d= 2 bs= 8 density= 3.05176e-05
num_blocks=2097153
nnz=134217792
Making elapsedTime=29224.419000
Coo and file elapsedTime=63217.004000
serial  elapsedTime=3265.963000
461.864000 52.102000 52.100000 52.229000 52.135000 52.194000 52.150000 52.226000 52.208000 52.269000 52.160000 52.096000 52.259000 52.213000 52.242000 52.158000 52.170000 52.163000 52.238000 52.196000 371.329000 38.106000 38.059000 38.108000 38.077000 38.018000 38.139000 38.093000 38.106000 38.086000 38.034000 38.077000 38.039000 38.049000 38.039000 38.097000 38.096000 38.040000 38.084000 38.114000 30.771000 30.441000 30.433000 30.423000 30.431000 30.431000 30.431000 30.434000 30.443000 30.430000 30.431000 30.428000 30.434000 30.443000 30.433000 30.433000 30.432000 30.445000 30.436000 30.437000 
