0.184000 0.102000 0.103000 0.100000 0.103000 0.103000 0.103000 0.103000 0.102000 0.102000 0.103000 0.101000 0.101000 0.104000 0.101000 0.104000 0.101000 0.101000 0.102000 0.102000 0.254000 0.248000 0.254000 0.247000 0.244000 0.251000 0.247000 0.245000 0.244000 0.245000 0.243000 0.247000 0.248000 0.253000 0.250000 0.248000 0.243000 0.246000 0.245000 0.248000 0.226000 0.225000 0.217000 0.216000 0.215000 0.218000 0.211000 0.216000 0.223000 0.214000 0.218000 0.221000 0.227000 0.218000 0.216000 0.214000 0.215000 0.222000 0.216000 0.216000 
0.445000 0.400000 0.422000 0.436000 0.432000 0.441000 0.423000 0.396000 0.402000 0.431000 0.422000 0.427000 0.420000 0.422000 0.441000 0.402000 0.396000 0.444000 0.420000 0.420000 0.655000 0.659000 0.659000 0.659000 0.659000 0.659000 0.657000 0.660000 0.663000 0.661000 0.660000 0.658000 0.658000 0.661000 0.657000 0.658000 0.659000 0.661000 0.659000 0.656000 0.490000 0.493000 0.484000 0.488000 0.486000 0.481000 0.483000 0.488000 0.489000 0.483000 0.483000 0.487000 0.483000 0.493000 0.485000 0.487000 0.487000 0.477000 0.483000 0.498000 
1.141000 1.065000 1.066000 1.071000 1.058000 1.065000 1.061000 1.060000 1.054000 1.051000 1.072000 1.062000 1.054000 1.056000 1.060000 1.050000 1.069000 1.067000 1.065000 1.056000 1.855000 1.924000 1.871000 1.865000 1.824000 1.867000 1.868000 1.862000 1.859000 1.920000 1.869000 1.922000 1.866000 1.867000 1.921000 1.856000 1.847000 1.922000 1.862000 1.924000 1.342000 1.345000 1.346000 1.344000 1.347000 1.336000 1.335000 1.343000 1.353000 1.358000 1.339000 1.350000 1.343000 1.340000 1.346000 1.345000 1.344000 1.349000 1.352000 1.350000 
3.831000 3.686000 3.722000 3.711000 3.731000 3.690000 3.728000 3.685000 3.712000 3.709000 3.640000 3.581000 3.680000 3.712000 3.637000 3.635000 3.588000 3.637000 3.609000 3.650000 5.425000 5.762000 5.539000 5.389000 5.904000 5.400000 5.486000 5.456000 5.385000 5.538000 5.488000 6.006000 5.876000 6.050000 5.934000 5.391000 5.367000 6.037000 5.976000 5.380000 4.266000 4.241000 4.244000 4.240000 4.248000 4.276000 4.233000 4.256000 4.261000 4.207000 4.217000 4.255000 4.252000 4.218000 4.216000 4.221000 4.232000 4.211000 4.208000 4.229000 
15.775000 15.674000 15.568000 15.552000 11.480000 7.840000 7.398000 2.291000 2.067000 2.066000 2.081000 2.069000 2.070000 2.074000 2.064000 2.082000 2.083000 2.071000 2.068000 2.066000 17.560000 18.852000 18.680000 18.753000 9.319000 9.335000 4.105000 1.555000 1.652000 1.631000 1.643000 1.634000 1.650000 1.640000 1.645000 1.627000 1.560000 1.631000 1.654000 1.657000 14.805000 14.801000 14.706000 14.737000 7.430000 7.040000 1.539000 1.339000 1.338000 1.340000 1.339000 1.338000 1.341000 1.340000 1.340000 1.341000 1.338000 1.339000 1.339000 1.339000 
59.016000 58.781000 8.398000 7.230000 7.145000 7.136000 7.152000 7.128000 7.135000 7.161000 7.165000 7.140000 7.148000 7.128000 7.140000 7.129000 7.131000 7.143000 7.157000 7.129000 64.281000 63.980000 5.406000 4.531000 4.492000 4.480000 4.488000 4.492000 4.488000 4.482000 4.472000 4.471000 4.483000 4.478000 4.455000 4.484000 4.447000 4.484000 4.495000 4.461000 54.386000 4.742000 4.081000 4.037000 4.037000 4.039000 4.041000 4.037000 4.037000 4.041000 4.037000 4.037000 4.040000 4.037000 4.036000 4.037000 4.039000 4.039000 4.036000 4.034000 
264.875000 36.812000 33.535000 33.531000 33.591000 33.517000 33.528000 33.520000 33.532000 33.503000 33.605000 33.542000 33.523000 33.551000 33.538000 33.567000 33.490000 33.574000 33.534000 33.542000 237.907000 16.486000 16.412000 16.495000 16.450000 16.511000 16.502000 16.544000 16.500000 16.508000 16.490000 16.539000 16.516000 16.510000 16.430000 16.593000 16.563000 16.542000 16.469000 16.420000 18.004000 15.377000 15.378000 15.372000 15.377000 15.375000 15.374000 15.375000 15.378000 15.370000 15.377000 15.375000 15.378000 15.375000 15.375000 15.383000 15.377000 15.376000 15.377000 15.376000 
N= 32768 d= 2 bs= 4 density= 3.05176e-05
num_blocks=32769
nnz=524304
Making elapsedTime=398.746000
Coo and file elapsedTime=246.697000
serial  elapsedTime=13.395000
2.019000 1.900000 1.899000 1.906000 1.907000 1.887000 1.889000 1.900000 1.896000 1.906000 1.898000 1.801000 1.808000 1.804000 1.801000 1.808000 1.813000 1.818000 1.810000 1.815000 4.528000 4.508000 4.522000 4.546000 4.538000 4.579000 4.510000 4.524000 4.559000 4.483000 4.508000 4.527000 4.483000 4.453000 4.479000 4.475000 4.568000 4.479000 4.510000 4.424000 5.348000 5.341000 5.341000 5.333000 5.338000 5.337000 5.331000 5.343000 5.348000 5.355000 5.496000 5.327000 5.323000 5.339000 5.336000 5.332000 5.322000 5.335000 5.336000 5.314000 
N= 65536 d= 2 bs= 4 density= 3.05176e-05
num_blocks=131073
nnz=2097168
Making elapsedTime=855.415000
Coo and file elapsedTime=958.720000
serial  elapsedTime=53.968000
6.927000 6.859000 6.826000 6.837000 6.731000 6.766000 6.796000 6.746000 3.417000 3.432000 1.007000 0.796000 0.811000 0.800000 0.804000 0.802000 0.807000 0.800000 0.800000 0.809000 13.904000 13.795000 13.804000 13.736000 13.835000 13.749000 13.770000 13.635000 6.891000 5.539000 1.683000 1.213000 1.208000 1.217000 1.214000 1.220000 1.208000 1.229000 1.219000 1.205000 14.001000 13.989000 13.987000 13.991000 13.987000 13.931000 13.951000 13.925000 7.002000 2.789000 1.236000 1.234000 1.234000 1.233000 1.231000 1.234000 1.235000 1.232000 1.234000 1.235000 
N= 131072 d= 2 bs= 4 density= 3.05176e-05
num_blocks=524289
nnz=8388624
Making elapsedTime=3024.220000
Coo and file elapsedTime=3898.439000
serial  elapsedTime=234.505000
27.789000 27.685000 27.482000 3.645000 3.291000 3.290000 3.282000 3.287000 3.279000 3.285000 3.283000 3.283000 3.289000 3.297000 3.271000 3.289000 3.282000 3.285000 3.278000 3.280000 45.215000 45.339000 45.266000 3.887000 3.911000 3.882000 3.891000 3.878000 3.878000 3.900000 3.878000 3.893000 3.909000 3.906000 3.895000 3.915000 3.909000 3.883000 3.905000 3.904000 40.786000 40.655000 7.291000 3.568000 3.567000 3.567000 3.568000 3.566000 3.567000 3.567000 3.569000 3.568000 3.567000 3.568000 3.568000 3.567000 3.569000 3.569000 3.567000 3.566000 
N= 262144 d= 2 bs= 4 density= 3.05176e-05
num_blocks=2097153
nnz=33554448
Making elapsedTime=12048.886000
Coo and file elapsedTime=15883.693000
serial  elapsedTime=999.243000
112.822000 13.469000 11.980000 12.006000 11.989000 12.003000 11.999000 12.010000 11.978000 12.013000 12.014000 12.010000 11.988000 12.014000 12.009000 12.007000 12.013000 11.995000 11.993000 12.024000 154.122000 11.877000 10.789000 10.803000 10.796000 10.796000 10.788000 10.779000 10.788000 10.790000 10.805000 10.793000 10.782000 10.778000 10.795000 10.786000 10.796000 10.817000 10.797000 10.794000 12.313000 9.636000 9.635000 9.633000 9.637000 9.634000 9.636000 9.637000 9.639000 9.638000 9.636000 9.634000 9.635000 9.635000 9.635000 9.633000 9.635000 9.635000 9.635000 9.636000 
