N= 8192 d= 2 bs= 16 density= 1.52588e-05
num_blocks=1025
nnz=262400
Making elapsedTime=248.326000
Coo and file elapsedTime=127.368000
serial  elapsedTime=6.270000
1.251000 1.083000 1.087000 1.095000 1.076000 1.087000 1.084000 1.097000 1.089000 1.089000 1.097000 1.076000 1.097000 1.096000 1.092000 1.082000 1.105000 1.004000 1.001000 1.013000 2.499000 2.503000 2.472000 2.471000 2.466000 2.470000 2.508000 2.517000 2.553000 2.455000 2.505000 2.596000 2.448000 2.472000 2.486000 2.552000 2.485000 2.542000 2.462000 2.522000 1.384000 1.385000 1.379000 1.370000 1.395000 1.394000 1.366000 1.383000 1.424000 1.417000 1.390000 1.380000 1.384000 1.379000 1.392000 1.360000 1.377000 1.352000 1.376000 1.404000 
N= 16384 d= 2 bs= 16 density= 1.52588e-05
num_blocks=4097
nnz=1048832
Making elapsedTime=452.193000
Coo and file elapsedTime=495.220000
serial  elapsedTime=23.741000
3.708000 3.590000 3.610000 3.571000 3.592000 3.600000 3.572000 3.471000 3.613000 3.503000 3.525000 3.498000 3.484000 3.482000 1.812000 1.817000 0.913000 0.628000 0.467000 0.465000 7.578000 7.587000 7.579000 7.562000 7.580000 7.554000 7.524000 7.575000 7.680000 7.526000 7.505000 7.618000 7.621000 3.824000 3.777000 3.686000 1.550000 1.026000 0.685000 0.683000 4.262000 4.277000 4.240000 4.203000 4.213000 4.270000 4.208000 4.338000 4.278000 4.262000 4.208000 4.211000 4.184000 2.122000 2.113000 0.999000 0.590000 0.409000 0.397000 0.401000 
N= 32768 d= 2 bs= 16 density= 1.52588e-05
num_blocks=16385
nnz=4194560
Making elapsedTime=1258.964000
Coo and file elapsedTime=1967.177000
serial  elapsedTime=98.846000
14.080000 13.934000 13.921000 13.824000 13.830000 13.788000 3.204000 1.673000 1.674000 1.674000 1.678000 1.672000 1.675000 1.669000 1.672000 1.672000 1.669000 1.673000 1.670000 1.678000 25.188000 24.884000 25.035000 24.925000 24.954000 12.440000 4.660000 2.170000 2.162000 2.183000 2.177000 2.167000 2.161000 2.183000 2.162000 2.170000 2.177000 2.167000 2.170000 2.164000 14.873000 14.845000 14.830000 14.948000 14.932000 3.403000 1.318000 1.311000 1.318000 1.320000 1.318000 1.323000 1.316000 1.326000 1.318000 1.314000 1.319000 1.328000 1.322000 1.319000 
N= 65536 d= 2 bs= 16 density= 1.52588e-05
num_blocks=65537
nnz=16777472
Making elapsedTime=3899.284000
Coo and file elapsedTime=7755.637000
serial  elapsedTime=376.745000
55.207000 54.738000 6.407000 6.129000 5.881000 5.877000 5.678000 5.600000 5.584000 5.614000 5.607000 5.581000 5.617000 5.595000 5.601000 5.598000 5.589000 5.602000 5.605000 5.593000 84.537000 84.113000 6.823000 6.795000 6.361000 6.353000 5.970000 5.963000 5.965000 5.963000 5.952000 5.953000 5.962000 5.957000 5.980000 5.958000 5.953000 5.954000 5.969000 5.942000 55.149000 4.786000 4.518000 4.263000 4.272000 4.092000 4.025000 4.011000 4.021000 4.014000 4.037000 4.012000 4.012000 4.007000 4.018000 4.008000 4.016000 4.022000 4.022000 4.020000 
N= 131072 d= 2 bs= 16 density= 1.52588e-05
num_blocks=262145
nnz=67109120
Making elapsedTime=13571.898000
Coo and file elapsedTime=31238.970000
serial  elapsedTime=1445.112000
225.174000 25.801000 23.974000 23.946000 24.006000 23.957000 23.946000 24.007000 24.016000 23.968000 23.960000 24.032000 24.027000 23.985000 23.938000 23.992000 23.982000 23.979000 23.958000 23.989000 295.446000 20.551000 20.558000 20.530000 20.538000 20.547000 20.483000 20.579000 20.616000 20.594000 20.557000 20.572000 20.570000 20.554000 20.559000 20.563000 20.533000 20.541000 20.573000 20.573000 18.208000 15.196000 15.225000 15.209000 15.215000 15.199000 15.194000 15.201000 15.208000 15.203000 15.221000 15.197000 15.213000 15.203000 15.215000 15.195000 15.189000 15.199000 15.210000 15.208000 
N= 262144 d= 2 bs= 16 density= 1.52588e-05
num_blocks=1048577
nnz=268435712
Making elapsedTime=50529.345000
Coo and file elapsedTime=130672.823000
serial  elapsedTime=5762.031000
967.124000 108.801000 108.851000 108.836000 108.793000 108.727000 108.943000 108.851000 108.850000 108.840000 108.849000 108.818000 108.859000 108.823000 108.935000 108.945000 108.795000 108.818000 108.780000 108.803000 77.040000 72.591000 72.611000 72.643000 72.551000 72.595000 72.546000 72.512000 72.615000 72.533000 72.510000 72.401000 72.488000 72.469000 72.574000 72.573000 72.560000 72.567000 72.552000 72.571000 64.226000 58.464000 58.461000 58.471000 58.474000 58.461000 58.493000 58.477000 58.445000 64.228000 58.489000 58.463000 58.472000 58.457000 58.422000 58.469000 58.494000 58.471000 65.670000 58.463000 
N= 262144 d= 2 bs= 16 density= 2.38419e-07
num_blocks=16385
nnz=4194560
Making elapsedTime=5115.665000
Coo and file elapsedTime=1943.168000
serial  elapsedTime=121.832000
13.770000 13.448000 1.991000 1.556000 1.555000 1.549000 1.552000 1.553000 1.555000 1.549000 1.555000 1.556000 1.555000 1.551000 1.553000 1.554000 1.551000 1.546000 1.558000 1.558000 51.568000 50.863000 4.658000 4.685000 4.652000 4.658000 4.660000 4.656000 4.652000 4.650000 4.661000 4.661000 4.658000 4.657000 4.657000 4.654000 4.653000 4.653000 4.655000 4.659000 24.909000 12.391000 2.275000 2.270000 2.259000 2.278000 2.276000 2.263000 2.271000 2.262000 2.261000 2.266000 2.276000 2.269000 2.266000 2.265000 2.272000 2.270000 2.261000 2.266000 
N= 524288 d= 2 bs= 16 density= 2.38419e-07
num_blocks=65537
nnz=16777472
Making elapsedTime=11635.111000
Coo and file elapsedTime=7869.956000
serial  elapsedTime=410.101000
53.915000 5.960000 5.406000 5.228000 5.193000 5.215000 5.230000 5.234000 5.224000 5.224000 5.214000 5.220000 5.221000 5.231000 5.221000 5.215000 5.213000 5.214000 5.219000 5.218000 147.034000 11.739000 11.430000 10.850000 10.857000 10.853000 10.867000 10.849000 10.861000 10.866000 10.860000 10.851000 10.854000 10.877000 10.859000 10.850000 10.859000 10.863000 10.868000 10.856000 38.116000 6.043000 5.767000 5.787000 5.764000 5.763000 5.769000 5.767000 5.764000 5.761000 5.770000 5.755000 5.767000 5.762000 5.777000 5.780000 5.773000 5.770000 5.775000 5.775000 
N= 1048576 d= 2 bs= 16 density= 2.38419e-07
num_blocks=262145
nnz=67109120
Making elapsedTime=29358.816000
Coo and file elapsedTime=31977.234000
serial  elapsedTime=1527.967000
214.766000 20.900000 20.952000 20.913000 20.906000 20.952000 20.915000 20.929000 20.929000 20.933000 20.883000 20.879000 20.925000 20.939000 20.922000 20.922000 20.909000 20.919000 20.949000 20.917000 393.016000 34.057000 34.066000 34.023000 34.042000 34.034000 34.055000 34.070000 34.039000 34.092000 34.106000 34.064000 34.031000 34.078000 34.055000 34.065000 34.109000 34.066000 34.039000 34.016000 22.876000 19.329000 19.351000 19.332000 19.360000 19.312000 19.318000 19.331000 19.330000 19.349000 19.327000 19.344000 19.341000 19.327000 19.353000 19.357000 19.344000 19.325000 19.346000 19.344000 
N= 2097152 d= 2 bs= 16 density= 2.38419e-07
num_blocks=1048577
nnz=268435712
Making elapsedTime=81027.911000
Coo and file elapsedTime=127969.254000
serial  elapsedTime=6490.868000
861.885000 84.561000 84.501000 84.560000 84.529000 84.519000 84.834000 84.874000 84.865000 84.925000 84.819000 84.719000 84.801000 84.865000 84.782000 84.733000 84.815000 84.859000 84.829000 84.915000 112.793000 112.520000 112.591000 112.603000 112.513000 113.220000 113.196000 113.214000 113.272000 113.202000 113.185000 113.218000 113.194000 113.235000 113.215000 113.212000 113.240000 113.246000 113.256000 113.271000 74.637000 68.360000 68.346000 68.341000 68.331000 68.686000 76.413000 68.693000 68.683000 68.702000 68.676000 68.744000 74.623000 68.685000 68.653000 68.651000 68.629000 68.702000 68.746000 72.987000 
N= 4194304 d= 2 bs= 16 density= 2.38419e-07
num_blocks=4194305
nnz=1073742080
Making elapsedTime=255393.973000
Coo and file elapsedTime=496054.823000
serial  elapsedTime=25323.088000
CUDA error at testing_modules/pq_test.cu:233
  out of memory
N= 8388608 d= 2 bs= 16 density= 2.38419e-07
num_blocks=-8388607
nnz=-2147483392
Making elapsedTime=143906.347000
Coo and file elapsedTime=20.310000
serial  elapsedTime=21.719000
CUDA error at testing_modules/pq_test.cu:233
  out of memory
