saka
saka2
nnz= 392940
nnzb=245060 mb=524
step 2: reorder the matrix A to minimize zero fill-in
        if the user choose a reordering by -P=symrcm, -P=symamd or -P=metis
Q = metis(A) 
B = A(Q,Q) 
8282
6762
5725
5390
4971
2409
1430
506
7581
6481
4985
2614
268
2467
777
4621
161
3446
131
7869
7837
7139
5255
2929
4274
6395
6043
4405
3956
7231
5924
3996
3538
451
8163
7875
7029
4975
4757
4266
3398
1611
140
8179
5748
1040
734
436
1835
7444
6440
2320
851
259
7794
7418
5000
3919
6654
1849
1974
1795
6243
2388
1881
1720
1554
7168
6817
4969
4562
164
5814
4247
438
6835
655
5124
4779
1653
7668
1857
3645
804
8274
8171
6304
4251
8075
2375
6007
651
3481
3534
2949
1088
1637
3482
3011
8153
2283
64
258
354
895
1074
1151
1985
2786
2942
3418
4115
4168
4359
4537
4898
4906
5274
5421
5527
5530
5553
6088
6343
7223
7256
7451
7479
7650
7724
7949
8338
4340
3556
8115
7165
4479
3792
6222
2730
7511
2072
7897
3522
4712
4092
5472
7836
6313
6286
5776
5122
7267
8273
3994
1195
4966
4671
7334
2842
2736
2553
3546
5060
2422
3244
6148
6443
4989
2339
182
8217
4914
3986
1386
3589
1639
551
967
3341
2270
8181
4583
55
30
5925
4538
8203
6911
1633
544
6335
6226
5429
4385
1765
1728
8055
7883
6631
530
4152
5026
1625
1130
493
6074
3338
5370
2473
7491
7417
3368
723
2021
1847
6982
6489
5678
2622
649
1086
6599
1813
4431
7675
2683
3120
3322
3757
1187
1596
2987
3067
807
2719
1805
2509
8050
5746
4709
2885
4427
3379
4665
5916
3964
2274
2985
4570
937
275
153
1261
3457
4272
4375
4921
5615
7192
7457
4295
90
107
307
465
680
2909
2920
3828
3863
4188
4301
4733
4911
5227
6513
6800
6943
7173
7718
8097
8375
8307
1287
2237
2762
7317
1218
359
965
5120
7275
8269
2882
53
7012
7144
5750
2686
3099
2660
4322
6430
6933
7857
6323
4644
4306
3248
2601
1810
1409
677
7909
5379
5253
5047
4651
4333
3306
4264
2789
2578
1260
110
4491
3112
926
3915
5964
591
3069
4588
5375
5799
3470
3867
1438
1981
2253
3429
6180
2670
8250
3873
312
724
2118
7501
4100
4079
1366
5693
582
6875
5450
2201
160
3463
8091
601
7286
6054
7896
8359
4428
5125
474
810
7804
904
2879
4243
6741
3679
3405
4039
4846
6704
4694
3577
3557
4773
8235
478
3949
6568
3434
7196
3323
2150
1616
402
7625
2661
2503
637
8098
6807
6685
4869
3103
2507
738
3491
8145
6580
1609
938
2744
5538
6013
6274
3389
6504
7906
3925
2357
7292
113
4285
2350
1021
2602
4542
5957
2834
549
2653
6471
3809
1716
1747
3850
6312
389
3494
5858
6073
602
3363
2937
3226
5438
3807
1396
4440
5277
1335
4260
9
5147
5228
5768
3576
7785
1578
4945
4395
1927
431
4210
7359
7972
2063
3824
5019
687
6320
4316
1603
2184
61
7148
1412
7974
8127
7569
3967
6689
2456
2077
5204
8285
8189
5023
6814
6240
4107
4789
175
1534
4297
2305
4978
1422
4899
2256
3849
6258
8047
1938
5547
7169
3358
6388
5749
1737
920
2066
2851
2170
1052
3715
6852
7557
4203
2928
6406
6311
957
83
1042
896
4566
6491
1157
4954
7781
6742
1186
7590
1174
297
6845
3163
2153
1340
5040
8328
4465
2426
2628
364
6159
2675
151
3813
2845
2550
3266
3976
1843
3288
8304
4672
502
6409
1300
4893
3454
847
5260
5728
1102
5656
2284
4119
2131
2783
4241
866
778
6477
2788
886
4623
2669
2643
3581
2005
5524
6542
333
2390
4331
5436
6285
5741
824
901
1338
2285
3456
4066
4136
4367
4784
5577
5735
5903
5526
76
814
1110
1148
1429
2309
2576
3488
3517
3518
4603
5042
5209
5350
5901
6164
6639
6713
7042
7124
7197
7505
8190
1096
1500
1644
3176
4351
4433
4728
5324
5742
7596
7819
8102
1001
1866
2446
3319
5215
6174
6262
7796
4813
4414
5056
2040
7751
7860
7663
3835
3764
6964
6124
779
328
4546
3710
568
3817
1680
1785
7736
7181
2634
6990
6935
5496
3302
1197
464
3278
6876
2665
905
4007
8198
5203
3040
7480
6544
4177
4857
6137
822
7697
5261
6299
1663
7395
3170
5144
3465
3634
6494
1039
4471
3257
4235
7881
6500
6112
7047
7542
570
4263
5695
7123
7245
3380
5635
2128
7405
915
5079
7438
2726
7776
6691
7541
1579
2120
6550
2011
6854
5048
4619
2807
5117
4191
5435
5852
5651
5456
4211
57
7175
4456
6539
6540
5424
5437
6795
3587
2444
6848
6594
7476
18
8058
1165
5851
7
1473
6553
1141
3137
7616
6977
5841
5904
3438
5053
4117
2546
7954
6071
5411
3683
4293
4423
4257
2279
5368
663
2894
7458
1539
3128
205
5099
2631
1346
388
6377
6510
2001
3492
5985
4827
3868
3965
122
5552
5508
3296
2876
5205
5921
1833
7179
7218
4278
6116
2684
6138
1108
1691
126
2048
5685
5557
248
3951
4801
5015
4700
7937
2450
4072
6992
5827
8093
6969
6774
2140
4060
7140
4605
1992
3080
2366
3746
954
8168
2889
3503
708
4785
2979
3974
5702
5189
176
2671
2430
6372
1744
4475
8172
3573
4821
135
5839
733
8148
8042
8327
3284
5777
4648
730
5840
7698
6700
3501
3090
4871
6328
5580
4982
1320
3552
620
4710
4313
7910
7982
1140
5296
6770
1484
5528
624
2826
3223
169
2308
1686
450
4748
6370
7777
5603
7044
5934
5263
4818
2068
2676
5801
5157
8209
3277
4500
537
2850
4398
6740
8218
3272
2423
3385
2878
5016
3528
3413
1114
5600
7420
213
648
4959
6490
1453
2986
7941
5825
1715
6804
374
296
2102
6892
1392
6427
1925
3604
6548
3359
5690
3264
3073
2978
7463
6264
6244
801
7234
2472
1681
5185
1865
6103
739
833
8067
3569
2868
6547
2994
5936
850
3962
2223
598
5413
7693
4443
3554
994
3394
7324
3969
8212
6480
3123
735
4101
8056
1006
4706
951
4956
36
4382
6261
7803
8063
4430
829
3213
5469
5467
6593
338
4673
115
3168
1217
6821
148
2419
7084
578
5154
1567
3287
7246
2454
7695
5607
1058
7252
7727
6651
4682
2020
8144
5996
5878
4783
1250
6978
6581
5384
5403
4489
3938
8141
7900
1026
3752
6701
1557
3181
826
6105
4882
3638
2209
2411
6929
1257
5747
7920
5069
7309
4539
5163
8233
4224
7225
2354
5807
2552
5726
6468
4787
2890
2547
1600
8146
3
992
3687
4571
5481
8099
8276
5724
641
921
997
1384
1590
1667
1668
2006
2310
2383
2641
2720
3970
4379
5265
5982
5991
7385
7599
8076
8166
2998
475
617
2594
3104
4574
6356
7756
8082
1345
1577
7671
5162
1046
7310
906
6046
1063
881
5994
3739
555
6189
5714
5569
58
3402
5034
671
3455
1856
1589
3777
6107
2206
40
5446
7827
2112
77
603
5790
6153
6373
89
7619
4696
3615
3825
5717
2243
430
692
3208
5731
7528
391
5619
1517
5781
6059
7019
7769
6086
231
2679
3326
6518
7432
4509
933
1454
1740
3136
3382
3449
3832
3865
4172
4768
5406
5466
6115
6202
7525
4646
45
1372
2880
3308
3361
3613
5766
5873
4370
4699
5084
6464
7300
5068
184
7008
7843
5608
6529
449
5504
4262
3356
157
5118
7456
1921
5495
1967
5492
1551
5211
3390
7706
70
1775
6393
3036
3375
7825
8035
8162
6079
1941
6507
1977
4575
3921
6330
4718
2498
3381
852
1166
2349
376
769
1098
1159
2146
4856
4888
5172
5409
5882
7483
7921
561
532
1529
1858
2448
2493
2817
3047
3924
4195
4532
4708
5094
5459
6028
6501
7423
8200
8296
186
703
1606
2395
4453
4604
5490
5902
6076
7788
3135
5309
7185
5334
5217
8116
7627
3641
5457
1170
6210
2912
6830
4434
7342
3646
6236
5461
327
7923
6859
3344
644
4449
5815
1677
1830
5035
3265
4175
5610
1525
7891
8081
5989
3147
4738
6445
3668
3240
5667
6881
6983
7462
7481
2482
2495
7997
1575
929
6113
3502
552
6263
6241
7048
5834
1375
1299
3612
4494
2462
4289
282
5623
6117
6016
6167
4116
1511
4524
4255
3759
5613
4993
7975
8294
2883
4593
5951
3755
3383
6509
4054
4923
6131
3567
3074
3667
7517
6062
7394
3088
6260
5501
5949
8350
1494
1398
2852
7789
2645
7018
6033
5244
2463
1778
6585
7750
2344
4550
3310
5999
3618
1767
7539
3524
7742
6460
26
5486
1132
3666
5299
3896
6050
1829
2922
7885
4280
3829
6368
5628
1078
3419
310
7884
20
114
2075
827
599
7947
5145
5503
2505
8054
4138
5499
472
6040
3681
5845
7036
7818
3590
5829
2932
4707
3286
6671
7054
6057
7058
7600
6826
5166
3415
7911
4105
2018
8305
2
7067
5737
1612
1655
3234
4287
3334
2517
4223
986
5221
2154
6716
918
4232
1122
1239
2864
7754
1646
2251
3399
3514
2802
3592
7221
5298
5922
7971
7203
766
321
4600
2295
7933
4854
5454
5443
3203
4429
5869
5967
3864
4735
7747
1626
6418
6655
6739
5769
7442
6806
3975
136
5030
2668
2485
4724
4967
4734
7136
2534
2806
5116
8237
3568
4392
614
6578
7160
784
1832
5073
2373
7253
2343
879
2917
2227
4953
2034
8211
6091
6851
5598
1419
2337
4584
435
3610
7922
1491
2003
2843
1894
2461
4096
8149
22
7406
6279
2820
2840
7161
5207
480
7660
890
5774
2376
4986
5289
5520
342
4979
5106
4417
1965
2287
1754
6606
5391
1367
1134
1158
7443
1449
7156
990
6657
7262
6155
3401
6866
7537
5155
595
1236
6209
928
305
2818
2581
5890
1359
5223
897
377
5876
7991
7559
212
8369
5521
5980
5425
5782
44
4103
2211
613
5586
1886
1451
6141
6027
4786
3145
7313
8379
5824
3543
6687
927
8215
6021
2943
6193
1831
3648
2059
5820
3280
2838
101
3594
3094
2231
7227
3448
1958
139
3664
835
4961
5785
7186
5679
2865
7529
298
3766
8084
5160
5498
6564
5753
7864
5535
3881
1771
5444
4249
3362
7757
470
7854
5322
588
6402
6906
2278
2765
6888
3511
3899
3894
3339
6834
3410
6698
590
5290
7584
4118
2191
5675
1445
6200
6583
1818
1314
31
1509
2272
4678
7830
437
7691
8187
4534
3801
6157
1223
3460
564
6081
3081
5149
3635
3989
3392
6190
5127
5389
3499
3378
5114
8224
5736
2217
2136
6151
4625
1931
7212
3912
805
6920
5953
977
3093
1050
3882
485
586
7183
5132
6087
5402
547
2511
2195
3191
6171
6666
4824
284
5455
1149
1005
5432
8337
6511
3979
7672
2306
4160
4026
3542
3125
2374
3623
5512
1391
4197
3971
7134
5582
6803
68
5896
6300
6723
2563
3698
911
3737
1624
6516
6885
6127
254
4226
3353
2379
1381
204
6863
786
8330
7561
6403
7290
2976
5070
6999
6143
400
8170
681
8355
1493
2856
764
1303
8117
2394
6624
8045
7340
678
984
999
1455
1660
2041
2731
2769
2900
2972
3186
3721
3787
4011
4259
4632
4749
4964
5107
5108
5184
5257
6472
6672
6840
6960
7260
7291
7649
7929
8293
7045
1311
379
5239
7862
8178
6650
3164
1474
3059
1615
105
1054
8143
7832
215
1628
7626
78
7580
4144
4151
4795
7866
6554
6386
2777
69
4134
1395
7164
8122
5763
8154
279
2528
1676
3309
7110
2690
863
604
2413
8135
5706
940
427
5291
4988
3484
7450
1591
6305
4761
8186
3678
3070
3311
4355
1524
1466
5100
5931
2056
2869
5027
3345
616
880
7514
8239
256
626
740
1298
1564
1638
1654
1787
1809
1816
1834
1855
2111
2384
2460
2624
2875
2903
3109
3561
3754
4348
5020
5201
5565
5588
5877
6119
6380
6420
7056
7194
7565
7642
7888
7833
188
6308
6776
1650
3190
10
8227
56
1695
3113
5129
5321
4987
8226
6931
2535
659
3968
3740
4396
2947
7474
7014
2728
7429
7230
3071
875
2584
8169
1730
1387
4146
3888
6359
4193
7254
423
3139
8201
6269
4083
5089
7612
1012
3693
7271
7739
5738
7082
4445
393
2934
4931
1583
3929
3043
2752
5701
753
6365
5984
8073
2380
900
4342
4283
4374
221
6146
1128
802
1693
192
7312
4925
534
5856
4275
5837
697
397
563
610
877
1069
1467
1705
1904
2321
2468
2591
2797
2819
2959
3184
3904
4200
4606
4771
7189
7588
7730
8373
4426
576
968
2715
4004
6466
7979
6596
4444
7198
1815
1373
1721
2408
2737
6429
2410
2082
1268
1031
5511
1601
8265
6517
7780
6454
8096
7583
4939
1984
6296
7980
4058
2326
4695
3808
1143
6102
5595
6413
5210
1874
7765
6195
8065
6738
5691
8085
2098
1077
1425
5971
3365
2252
7459
6496
4578
2036
7808
3347
2748
5694
1310
2895
1545
2759
4034
3041
2596
4522
2130
6895
7758
975
5826
6203
408
4086
2028
3366
7032
3923
4528
1339
3665
7795
2480
2575
2930
4238
6251
6836
4361
1825
1937
6597
1208
3745
4245
818
1411
3373
5028
8372
4029
8371
7068
3659
7328
3509
499
8016
871
3696
5314
1212
2988
14
8041
7729
6946
7184
4307
5093
4441
7470
712
1118
1289
1282
4839
2708
4476
6956
8057
1426
8004
4530
6149
2114
1811
4158
5200
5082
2058
7046
240
3620
238
8152
4397
1463
3939
1859
4252
2931
5237
7752
220
39
7273
4001
4541
3053
6048
3124
3934
531
2691
2387
222
6525
5947
3884
250
6998
6901
6714
6952
2506
2844
2919
542
3015
3132
3833
7680
8080
283
5323
6696
4052
4063
242
1293
5032
8033
6101
2619
4056
1351
8319
6816
5151
7610
5594
3826
2733
2612
3591
622
993
1928
8341
7086
3731
7763
217
3054
3121
4518
1543
413
7015
629
2090
236
1444
2335
6364
7598
514
1584
2449
3702
4135
4962
5870
7180
5300
2701
5471
6098
7091
5395
4922
4970
5294
5525
6913
4371
260
1343
2365
4842
6109
7987
5041
314
571
948
1028
1971
2531
6791
6886
7006
444
2700
2281
4143
2655
1751
6724
3800
6635
572
4649
2830
2654
4002
1137
459
2288
1944
2172
8132
1776
5976
7279
295
5367
4225
5338
8302
1326
7645
2536
5795
1481
4076
1512
2833
343
5045
2328
5271
7413
1164
121
4991
3276
8318
241
1033
1711
2609
2648
3006
3652
3778
4201
4776
5249
5935
7229
8238
8356
4638
859
873
1099
1181
2232
3847
3879
4719
4948
5627
6322
6416
6828
6880
7952
8062
8072
7233
7360
8120
7235
6470
2652
4878
3854
3714
7276
4620
7303
5012
2647
3751
3945
4657
2673
6862
793
6097
2019
3016
8112
7071
203
3998
1665
2515
5087
7858
6958
4662
3855
2127
95
7865
8317
2874
7661
796
4404
2561
3400
8316
7302
3788
7274
854
2770
1145
2941
2065
2541
7604
8336
705
3179
145
1613
392
2957
2579
4037
4950
4951
7096
4797
6147
1823
8363
3111
7466
612
4811
4296
3023
5356
4750
1620
6925
6385
4253
4167
1184
2258
7410
6567
7003
5578
7379
2269
6208
7372
7567
3703
3763
8380
1270
4943
7376
294
2982
5397
7099
2203
3030
6039
2927
5721
1284
2466
7085
2711
3560
1570
7263
7613
2183
8315
17
1456
695
4015
2141
455
6292
7051
4909
6265
2070
4345
7927
6295
887
5044
6259
171
3631
4124
2709
6118
2735
201
974
4164
1738
988
6668
7206
8206
2936
7507
6630
5850
3878
4089
696
7295
5178
5843
966
7506
5743
5704
2215
5986
7416
7633
3606
3192
2593
442
1190
7070
2644
154
5513
638
7951
6884
12
3314
6309
4905
8095
2761
4525
4843
5306
7554
1978
8003
5098
5786
4291
1146
5677
3984
5128
6864
5973
1403
7265
5427
4446
5699
2603
4614
3044
1111
1015
6537
2836
6339
5754
5254
1459
3810
3303
7396
178
8087
7102
2610
4902
7700
2732
4858
1262
7540
3830
484
5351
2776
2757
5575
6968
49
4867
6358
7122
3321
7935
7964
6572
4618
6064
3526
4545
1954
6954
3072
1909
7504
1235
1571
6348
4335
8066
6683
4760
1934
1701
6478
383
4005
4300
3435
5229
2853
4819
8155
939
8242
63
6015
6444
3820
2224
1090
7515
7714
2891
4294
337
7708
7518
8264
971
3553
1443
8013
7886
5187
4990
924
6919
6961
3250
2186
4286
6865
6282
3916
1125
4212
5872
5426
3756
4607
722
4157
4521
1433
8101
255
4234
1923
3300
2582
4468
418
2791
5523
3647
4523
1774
7664
3050
4137
2385
1962
869
3564
5942
239
1407
2714
339
7826
116
575
3450
2152
3885
6401
7807
1138
2857
7793
1333
3748
6815
3357
7049
3293
3217
3212
7374
3883
8040
4171
6032
6271
4061
7859
6353
6627
6936
3012
7805
5378
5581
4045
5650
274
3127
2980
1892
195
6277
7305
73
5583
3042
5008
2604
8176
3187
4017
3536
6601
3728
4669
6561
4599
6749
3768
3490
5358
2755
4915
7367
4687
3427
1325
2862
1267
7162
5396
2805
6756
5148
7343
85
1489
3906
2825
884
6212
2443
3839
2560
8325
2860
4886
1666
8314
2353
381
1527
5718
6005
3700
6832
7080
2177
7332
5462
7117
4009
7398
341
5871
7970
2672
6750
2975
8353
2465
5906
5233
4055
4720
3545
2568
4032
6995
5898
1884
2212
519
2438
2782
8008
7158
5164
4159
3504
4416
252
2974
3033
7211
1661
4780
272
2149
1585
8362
43
7336
491
2441
4958
5998
5004
6996
6453
5644
1662
1221
1241
783
3889
7913
8114
5349
1930
4391
3105
1191
7703
3795
5593
4271
2924
1323
7077
7939
741
1869
3639
4552
6436
1712
2787
3831
4087
1104
2650
1537
6270
520
6842
2543
7370
7629
3821
7040
4563
1312
3008
483
3958
1875
2696
1162
2367
7798
1702
6467
2192
7692
5787
6140
7762
461
4960
3846
261
6318
7705
299
7519
358
8340
3871
5320
4020
1123
4774
8069
4154
6810
6702
8255
1946
7142
8180
3320
5175
1622
5208
2510
132
2835
2086
2813
7871
5359
7876
7877
7702
3307
244
35
4302
1706
6206
4221
8300
3230
1608
7690
5483
6981
1901
3028
7427
5739
5381
193
1742
2322
7043
5352
2226
6867
4413
287
469
969
1316
2205
2214
2267
3037
3256
3466
3486
3598
4122
4319
4339
4387
4725
4828
4837
5003
6316
7000
7437
7711
8247
8286
4973
4048
5345
4533
422
5196
8324
7146
1759
446
623
8068
2873
2199
6604
3407
2615
6829
5423
936
5347
3988
2812
4803
5171
5374
1726
2636
8026
293
7031
3621
6966
8049
4338
4815
6647
2399
4653
2113
2315
5808
7316
5646
1385
2951
1185
4825
664
1309
1826
3022
3762
6026
6069
6177
6847
7090
7106
832
142
7487
453
467
488
492
597
615
661
670
782
1003
1117
1671
1786
1966
1987
2148
2358
2558
2588
2681
2993
3075
3157
3231
3251
3268
3469
3942
4000
4181
4380
4393
4551
5800
5838
5846
6225
6337
6505
6612
6711
6712
6820
6822
6916
6950
7013
7114
7562
7571
7595
8280
1161
432
8292
5751
179
5059
1240
3173
7797
6989
5917
856
5923
1354
5567
5914
4944
487
8205
5946
5655
6060
4364
7063
4645
7103
987
2225
631
524
2144
387
3386
1133
7034
4141
1531
4021
1308
2542
2277
5281
2767
5383
2554
4793
1986
7735
6134
7942
180
5341
4088
4938
5648
3566
317
6792
7380
6011
123
1773
1189
8139
6346
2052
5570
4527
5062
2107
806
2754
1798
8022
3178
8195
3890
1632
5707
5234
4360
6204
4805
8193
3317
2392
2276
1803
1926
4716
5194
7988
7894
8332
8077
5031
2718
8331
72
1450
1464
2532
4303
4350
5470
6234
6609
8090
1155
660
834
1060
1205
1657
2707
3175
3348
4343
4349
4832
6125
6431
6524
6546
6603
6605
7028
7204
7957
8344
4641
1273
5143
7732
1576
1207
3584
2087
5961
6003
3992
2854
2002
5624
1246
2427
1558
4916
326
382
6183
1182
5909
1051
3214
6186
385
4325
5585
5835
5962
6526
8083
4739
2031
2094
2585
2795
3841
4219
4580
5387
5468
5542
5616
6734
6957
7125
7369
7495
6108
5775
5165
6314
2412
4036
3743
7806
2723
7154
158
4352
1513
1499
7682
4561
630
6939
6569
5064
2814
2633
1743
6662
1550
7512
2521
6347
223
125
6023
516
7226
3802
3253
5419
4499
1480
5673
1283
7931
5573
2866
4764
5428
6487
2587
946
1569
2175
3459
4715
5818
6136
6600
8070
8220
6130
159
246
289
621
872
947
1065
1083
1265
1514
1572
1762
1812
1876
1968
2202
2266
2420
2439
2489
2811
3046
3440
3582
3922
4290
4324
4689
4732
5305
5488
5629
5767
5798
6247
6381
6555
6761
7261
7297
106
103
1144
1369
2712
3246
4409
4876
5317
6551
6660
7347
8034
865
7936
1248
5755
848
127
1389
2280
7811
6173
6653
3944
6686
3200
471
560
640
1675
2457
4114
6841
7778
8256
7383
4145
6703
2722
654
3898
2088
3943
1167
6080
2372
7779
812
4493
2246
1521
8278
758
4067
7707
4459
4412
6853
6410
2801
7845
3183
7679
7488
4415
8260
1991
972
4919
233
1476
5190
6857
6094
3940
7053
2666
2238
3409
479
5885
396
2017
5156
6068
2401
5150
4755
8266
5630
523
1041
1842
4686
25
1059
7072
1872
2345
1520
4822
5855
7809
7962
2025
7563
5083
8234
4156
2484
8291
3539
6284
5333
2699
7878
3220
7050
7720
5050
5662
574
3260
3656
4481
6988
7919
51
7415
1243
4282
7433
646
7882
7813
6452
729
6637
4681
4511
4526
780
767
2271
5720
1518
1772
7329
2103
3201
1318
539
3324
6267
5752
5400
249
8164
2849
8000
3602
5176
5362
2896
5449
6915
5889
1337
2629
3780
3166
6324
8118
3215
6827
5596
500
5505
2316
3682
269
7717
2318
8313
747
5500
4399
2607
1964
5487
460
6963
650
3143
5327
6215
5804
748
4927
7787
2300
4643
361
1505
4554
683
1004
5282
7199
8158
1717
7143
4507
4261
7112
1183
4042
7335
7594
4031
3782
5361
2827
2304
7573
6965
1945
2101
3525
7992
5342
526
7373
1469
3530
3086
5380
7546
6249
2421
1280
2697
2009
7447
5809
7648
5732
3758
141
1356
985
7904
27
80
6917
5440
6528
1011
2793
5574
3995
3773
6721
5097
1414
6893
5995
4073
3171
7908
2158
5791
795
4162
2396
2562
6211
6090
3699
7467
5197
6198
1271
1883
6732
8262
1126
4701
3301
3579
117
6819
3471
3245
1804
1522
3999
2823
581
1912
8204
5639
3451
1932
5992
5465
7201
4903
6463
4592
2221
4268
8130
7264
2089
8017
7107
5101
4900
1103
5894
5687
7812
8194
3660
7461
3911
394
4777
5868
2904
6100
3671
6784
4317
1461
2523
4383
5609
3412
3000
2961
1365
7704
4080
607
2453
4043
7434
247
2096
5007
3726
5813
1405
5173
5908
5332
4769
6980
5288
6512
1423
468
4616
2491
731
4006
7087
5168
2302
5571
3624
2213
6656
2185
6168
4344
2792
8015
2455
7597
4937
7784
2133
7190
8086
5545
3840
7059
7898
1256
3431
52
1610
5066
3239
1854
1344
3697
5272
334
5821
497
384
5756
706
892
3107
2872
3744
2766
3430
2743
5258
4874
476
1152
4078
3891
5036
6158
5757
7966
2099
4565
8335
4254
3161
7115
7870
1828
2530
3533
5919
7738
1276
998
6352
808
6010
2415
6110
5854
5563
5002
8210
4236
1913
3472
181
6615
4121
6871
5473
3597
5945
5181
6404
5510
4230
1446
6044
1700
2452
5548
3387
2649
367
6694
2884
4628
373
1652
5043
2471
7468
5604
8137
8275
7081
2292
3779
3750
277
6953
24
6773
92
721
1418
2476
2821
3098
3131
3432
4187
4506
4974
6665
7038
1556
62
407
893
1014
1560
2378
3313
3506
4098
4684
4752
4807
4860
4891
4908
5771
6726
7564
3057
5072
2333
4589
4997
5304
4329
7386
2997
3812
6751
3211
5959
2166
5071
2249
4742
501
7022
981
1415
3148
5086
4663
4659
405
6641
4655
4767
4068
7834
958
5414
1192
1710
2586
3709
5311
6824
4759
4685
6350
7683
6522
2447
3062
4629
8123
1147
1683
4074
3653
28
463
1266
1648
1995
4702
5285
6868
7193
6075
59
128
165
360
508
825
979
1156
1350
1393
1492
1510
1541
1568
1791
1873
2311
2429
2475
2486
2488
2545
2886
3154
3194
3219
3305
3540
3672
4030
4110
4196
4376
4406
4452
4510
4812
4870
4926
5539
5543
5689
5759
5828
5993
6002
6156
6527
6557
6644
7037
7150
7430
7570
7838
8014
6121
6722
6290
4492
1274
96
716
6667
4185
5303
6697
589
7007
3149
6745
7348
7996
5972
6
2918
2564
6283
7021
7345
7242
2137
3753
5476
5589
5674
6877
2990
3629
1697
6521
522
3089
7670
2247
3866
4403
4097
2329
855
6783
3442
5318
152
324
7696
170
2325
108
3329
3009
6707
647
842
5061
458
6224
690
5606
5886
7011
5112
8111
5647
1951
7298
6883
457
3595
5230
5549
4726
6221
2746
1566
263
6681
3216
6775
1172
543
8136
398
6376
7255
6289
7925
1703
1837
5448
3548
5344
6319
3095
7220
3269
3335
6009
1860
4676
8126
4165
1342
1382
2382
1435
2831
1023
8029
2706
4808
5052
1999
335
580
7147
7647
1750
2081
2753
1503
7801
2667
7934
2371
2129
1070
8216
3328
7469
6332
1530
7473
2703
8108
860
3619
521
4288
3500
7249
5090
1870
390
6383
2911
7725
7527
1472
3578
5676
3861
6024
5664
273
7632
2135
3583
4244
6502
5740
1544
1251
4194
7907
3478
6411
6340
7791
1437
3872
5037
7688
1139
8289
7485
292
5866
6329
5819
2490
3283
5417
3162
3760
5236
7530
2680
7166
8053
5932
8232
2492
6484
1764
4727
7055
1619
4595
6629
7266
6767
774
5415
970
1252
1376
5857
8001
3281
1400
2544
4229
8119
118
130
736
1255
1307
1535
1745
2307
2314
3150
3507
3544
4457
4585
5167
5357
5713
5848
6058
6733
7020
7482
7496
7538
7566
7428
183
1410
5058
6670
3973
5905
1501
675
4753
7786
4730
1085
713
1735
4216
3055
4881
2497
6536
3493
8147
1482
2516
3160
2953
2689
2032
1067
2829
6315
6280
4192
4081
2073
3960
6230
7205
728
4155
8253
3476
2117
2559
3990
7792
1766
6769
6622
7350
7004
6499
585
302
1105
6571
528
1506
1009
8268
3617
2964
5199
1542
7478
1247
7105
6975
759
6649
8023
7248
2236
8061
3258
206
6449
6771
79
7111
4460
7740
4448
4664
3727
7176
3274
4186
3464
7783
3039
3650
3325
8021
7401
7477
316
8364
3856
4680
3195
218
3235
486
6246
4555
902
6338
6031
5364
7389
7352
6823
8036
5161
7901
4041
3781
894
2760
7400
2033
5371
7721
5509
2297
8185
3946
6469
711
1548
7555
8231
608
1540
4666
3408
4205
4508
177
3908
3860
8012
5634
2425
3644
4788
6095
1836
7009
5880
1841
2925
3197
3155
3776
1206
5591
6034
5956
7902
2763
2606
3209
4166
4838
3673
908
6778
1097
8173
5340
5810
6239
6441
2159
1263
1684
1071
3603
2391
1642
4596
3140
1950
3785
0
2977
2235
267
6154
147
1279
2405
6128
1900
6022
1993
207
8175
2250
5632
7656
7965
770
4778
3818
684
1025
3425
3106
1094
4579
7553
5930
7915
1801
2481
5009
2196
3784
1792
4705
3126
1746
5915
2147
318
8104
473
1043
7293
3360
2749
5727
2406
6196
6018
2334
7307
2313
4199
5235
803
7498
6673
7589
6746
8367
5944
4035
4639
4213
8243
216
1546
6020
3085
353
2079
5453
5913
4836
6706
3843
7362
301
7800
3531
6485
5329
5315
6248
5268
1779
5241
2407
38
4847
6192
5183
325
4424
2398
7999
5123
378
7823
5096
3966
6735
5153
5719
7976
8229
6144
2508
562
1988
6787
6725
3523
1487
1211
4920
4873
1019
8131
1210
5075
6163
5055
46
1990
370
6165
6120
4688
5853
6793
13
3844
4400
6049
4560
5267
3414
672
4503
6004
6336
2176
2155
7216
5174
7614
2577
6674
2804
1936
699
1586
4189
109
3993
4281
5479
6479
5507
6278
5568
7306
6623
2160
228
3467
4218
3370
3952
7634
7304
5626
870
4311
3199
4407
4075
4070
4059
4053
2478
3118
3987
3981
2216
1976
2504
3437
7287
5522
3770
2167
3893
6256
490
4337
4820
2512
120
3498
4109
3352
4246
1244
6825
143
1696
7073
2923
2809
3691
3189
7237
3661
2359
3337
2362
6152
7799
3633
4940
3238
6802
5270
7200
8267
3354
4598
8241
8188
2168
1504
4183
8366
4106
6495
2892
5179
1547
2289
943
858
6498
6780
7946
2416
5963
2076
7460
8161
4231
7023
6326
6099
2618
1427
923
3327
8290
3677
4957
3218
6414
2935
8064
8376
1879
2360
5657
2035
5533
8044
8349
7969
6399
625
2692
7855
6737
4094
6565
6648
2966
356
2014
3980
5193
6788
6084
2855
6858
4215
1861
5439
3134
6508
5668
6349
243
4766
1898
4419
4654
838
5401
1727
288
2312
7228
2566
745
2549
5335
2662
67
7959
2351
4721
2674
2656
7928
1129
7655
75
8322
2393
270
1788
8094
8361
7089
702
7868
1536
7026
5950
7948
5859
7852
6425
5256
6078
5152
482
7005
3827
536
3077
6786
3555
7993
2067
3142
7510
5393
7782
4142
8230
4214
3834
3058
8271
1947
6374
2540
5965
5404
635
1868
1806
1237
7628
1802
5669
5587
6873
1781
6493
6955
643
5192
6652
888
3920
8343
7239
3611
2299
1957
1533
1281
1093
565
5745
6878
7454
3243
1475
7734
4495
4451
1447
8248
6962
1421
439
3913
8191
3815
1306
6944
3588
2189
1587
3783
5121
1264
7766
5686
3774
1905
3406
6077
3262
8197
2693
6334
8052
1092
3013
6616
1329
8109
1036
3931
6959
5085
8024
4515
1008
8301
4356
4133
6570
1502
7835
7743
6197
5621
1713
3551
1030
5722
898
6909
762
3119
4514
5592
5339
2116
3204
5960
5696
2569
3690
1549
3221
3814
698
7484
3275
7817
225
4474
6392
1790
5625
4279
6123
411
5137
4717
1062
6382
5765
1037
2327
5441
1301
3616
3676
666
2780
7620
6584
2589
6614
1621
2074
5104
3842
4366
2010
4437
3177
8142
29
5779
4519
2323
5477
4977
5773
5599
4065
8110
4746
4084
94
4390
6191
4040
4220
4461
676
5102
3742
3651
1794
5788
209
5551
7543
6730
330
395
642
2124
2260
2483
3558
3694
4104
4483
5793
5912
6228
6574
7844
8134
8370
7998
727
819
1024
1959
2469
3786
3947
4023
4198
4256
4608
4634
4936
5081
5316
5405
5556
5847
6139
6407
6434
7109
7327
7393
7847
7940
8174
7104
2902
7424
498
4016
1918
788
5170
3404
7002
8025
2254
4572
7182
1462
174
2437
903
7171
3129
5140
3547
540
1903
7912
2526
809
8100
2824
4299
7079
7065
1943
1914
4099
3133
5550
173
4884
5039
8272
37
1160
2026
2218
3377
3596
3853
4019
4955
6291
6474
7387
7773
8240
8261
5605
111
191
219
264
311
346
899
950
1131
1288
1935
2592
2946
2958
3010
3563
3724
4332
4520
4913
5133
5218
5279
5555
5712
6237
6257
6680
7364
7895
8177
3078
4010
4983
2756
792
7658
4418
4362
7820
129
6576
3791
6900
7623
4814
744
3100
4942
1331
3271
3495
4486
5111
5990
6354
6543
7078
7989
5579
7956
3091
1807
6426
4354
2590
6659
7524
4321
4697
751
2704
6972
5929
3819
4169
8279
3458
86
4613
4112
6408
7377
1581
4791
4743
4894
2939
2574
7314
3614
545
8310
5312
4586
4999
538
7411
2897
1374
6181
1949
7731
6035
3918
1961
548
3332
234
7240
6805
2945
5867
7748
6940
5497
2436
1321
2024
3706
5546
6442
7712
4930
2012
2779
7471
845
3114
3521
7772
3935
8245
5937
2899
941
1404
2796
3983
3637
1724
944
4384
5830
5408
6038
7500
5191
3034
3025
7397
368
4934
3688
6948
5142
172
5654
701
6275
1420
7652
5319
1245
2363
674
1095
2352
4547
6967
6321
6397
2045
4312
3445
883
1029
6187
5515
6799
3372
7017
5248
5353
3593
290
787
2242
2290
2537
2639
3601
4182
4504
4536
4568
7052
7659
7669
7990
8208
4679
66
133
306
331
375
414
710
857
995
1018
1617
1658
1820
1887
1975
2042
2204
2341
2740
3063
4208
4569
5698
6620
7187
7391
7403
6744
1072
1079
1599
1844
1852
3355
5206
5292
5430
5682
6482
8167
8308
1116
4126
4057
7341
81
566
645
1687
2047
4353
4692
4737
4792
4816
4872
5006
5641
6390
7681
7716
7872
2861
3513
6621
4368
1401
2180
6855
5452
1073
5897
973
1119
5892
7722
6759
3436
1853
4386
4003
1089
3811
7644
380
6872
6636
7955
1057
6437
6755
4438
4594
849
2255
3607
5590
6351
6041
4090
799
3031
6643
4980
1112
2022
1176
714
6419
1528
4829
554
6488
6424
4513
6293
2538
2626
5038
4292
882
694
8214
2016
6894
2623
1780
7001
2093
7575
743
1689
2992
3423
5280
6405
6938
6949
8121
84
355
440
878
1413
1614
2241
2747
2907
4320
4357
4488
6991
7560
7577
7839
7863
8345
4995
155
443
726
765
1220
1618
1690
1851
2157
2233
2775
3066
3722
5246
5968
6037
6150
6367
6610
6833
6926
7384
3116
2642
3859
3391
421
4093
7475
2742
3689
7472
3957
3720
7280
1179
2417
6979
5186
6861
7918
7100
6042
5893
2263
596
2599
510
5225
1729
456
7465
1061
3963
3108
7097
5478
3206
2389
4817
6245
978
2832
7121
5376
7760
8223
1659
6837
2768
4147
229
1315
8060
8365
1100
6729
7603
2039
7968
3997
5564
2245
3051
7767
7325
5683
1563
1113
2659
1980
7219
8288
1292
1216
715
1442
1049
1479
1066
5636
815
1022
889
7831
5262
2050
7388
8259
7673
3729
4602
4153
416
489
934
1360
2598
3725
4741
5891
6503
6838
7208
2965
2004
2053
2402
3032
3416
4149
4484
4736
5861
6357
7151
7399
7492
7892
3559
1297
1846
2122
2356
3019
3519
3857
3991
4447
4631
4875
4912
5386
5940
6459
7719
8009
7932
7605
366
4485
4091
8059
3789
1477
527
732
910
1224
2161
3443
3550
3636
4095
4341
5475
5796
6303
7202
7761
7945
104
2781
4501
1899
3122
4762
1121
5139
5078
5832
592
7130
2268
6679
6053
2533
1109
955
789
4502
2724
1753
6047
7493
2364
1969
800
2859
1882
2219
119
2717
2808
4411
3961
4668
7535
632
3730
5816
5554
3718
7618
1839
1198
4517
6217
5652
2524
4751
5220
6133
124
5519
7899
1953
5407
6476
2142
4885
2055
768
2970
533
749
1523
1916
3279
4129
6106
6860
6423
1692
2084
3959
1196
7392
6325
7916
3707
2803
8251
1007
4139
7088
2138
5888
323
2200
3421
6438
5275
6874
7232
1080
4372
5283
1604
3736
1723
7278
1896
6719
2784
7412
5328
876
4128
7676
7368
425
4887
7775
1714
4845
7753
2551
553
1739
2173
517
7523
5399
5159
8320
5445
3096
6813
3188
2663
7258
1452
2751
5952
2264
4848
2397
1840
3900
7108
5484
1998
7441
6897
657
704
5670
836
8006
7353
1226
2434
6617
235
162
1002
1402
2828
4531
6586
6608
7513
8113
7445
507
529
1232
2188
2565
3312
3887
4248
4577
4840
5091
5115
5618
6172
6252
6642
7587
7699
8129
8358
8377
6591
3115
4125
1214
2340
322
1319
3793
2008
3541
6692
7241
707
8303
1180
1406
1516
1588
1783
4981
6976
7657
6175
587
931
1064
1483
3082
3165
3570
4806
5051
5805
5863
6345
6439
6575
6727
7333
8103
4723
4505
6798
942
7060
7694
4609
4239
656
1645
2442
2487
3733
2222
6695
1200
2332
7238
7602
2954
5269
3316
6743
3692
982
7272
4496
8249
7651
3680
7744
2400
8219
7236
1752
1364
7296
867
2969
3110
5681
1399
8048
4772
2414
6214
4498
6432
6582
513
15
6455
6072
6684
913
7268
5049
6947
4298
3295
3371
4269
3304
3267
2915
6379
5559
5734
5943
1922
3340
5489
1219
2888
1353
1322
5369
3083
6559
693
1871
5021
1651
794
3794
6628
3299
4178
5733
3483
7299
840
6941
4310
2151
1302
1045
6012
2479
6763
2273
5576
2963
7995
1363
7943
98
1748
3909
8246
2298
5010
7439
7608
1574
2013
1732
3529
4022
6922
4077
3005
5011
5182
6218
1768
709
1304
8257
3229
7687
7344
4612
6145
5802
6782
7508
150
149
8357
1797
6396
6461
3701
347
4013
3049
4660
843
7601
7210
6987
7025
569
4270
420
3532
1408
914
4745
1317
2355
344
5360
350
7489
7069
3535
525
2293
7643
7402
2060
6592
3658
2197
6794
3926
5284
3007
4557
34
7853
7503
7092
6219
477
7592
5067
3972
6677
2459
2193
1230
7207
7320
6276
2729
7033
5672
7354
3796
2259
32
7824
3684
4691
7556
5065
2694
4947
4998
7551
1515
4050
3225
166
5884
3021
4809
6645
2029
2069
112
3719
6017
6563
6577
6625
7349
7382
7821
7741
197
1053
2181
2361
2685
2870
2938
3152
3198
3937
4798
4889
4924
5113
5939
6288
6341
7132
821
817
1734
2794
3480
4852
6166
6450
7251
557
515
665
737
790
1027
1173
1238
2324
2494
2525
3369
4277
4713
4790
5420
5491
5780
5811
5887
7243
7259
8039
8078
8182
8244
4823
2275
5514
5214
5794
266
7867
864
5442
7746
6268
2080
7064
8252
1177
5226
1669
6986
190
1441
2038
257
2105
831
2983
6927
1972
5974
1332
6552
4202
71
1629
189
511
1330
2921
6428
6446
2595
2049
7422
7170
1
365
372
1598
2230
2688
3897
5188
7490
348
688
961
2210
2244
2573
2627
3202
3236
3336
3396
3428
3605
3805
3877
4394
4490
4963
5242
5474
5680
5977
6985
7390
7574
8027
5975
1358
1439
1822
1994
3076
3294
4633
5295
5431
5864
7666
7790
7873
5643
3065
7665
4642
7497
5336
4018
5723
8368
4442
7640
7829
2030
4012
5018
3210
7371
7356
6273
1258
7131
2174
2239
5517
3712
3643
3565
7841
1719
1939
386
7419
2996
6831
2381
4176
8277
3862
1808
7828
1594
5247
6415
3241
5716
5273
3205
6772
428
2981
3869
5502
1107
1486
868
6549
3928
5158
1561
3845
5883
1249
5938
1845
1341
8284
7558
7120
781
8156
3237
4529
5532
6896
6688
6768
1678
2858
1202
4150
6371
2758
3600
7549
6937
2580
3001
4549
3290
6718
6602
1635
4328
4358
5910
2608
2369
4670
5394
6378
6945
5447
2725
2790
4744
6899
8334
8124
1867
2208
991
3804
7914
3020
6796
2841
5014
8128
3599
2877
5928
2613
1607
3350
5631
2548
686
48
300
5966
4782
2228
4365
2567
535
1824
7531
6930
3485
5046
6169
5792
7880
4131
5642
371
4544
6294
1209
7010
1674
1175
4896
4610
3158
3527
5729
2839
5879
4516
3936
1478
3064
3207
5969
2342
5881
6611
6993
1761
3686
156
5346
5661
2424
4421
1253
606
5259
6417
4933
2948
4064
5541
74
3874
5899
7061
5849
7195
2126
7547
4336
6161
2677
1348
962
5789
7118
2721
1694
2100
7214
5640
5948
5054
3018
4850
5537
5671
454
7582
1741
3837
1305
4674
2179
1048
2007
262
1188
5213
2078
4258
1017
4330
4567
5119
6135
1725
3084
6096
6126
4478
4458
1127
8346
8010
4127
846
3169
2132
1906
4346
167
6579
2164
4305
6170
3985
619
6534
7977
2638
5025
6994
4994
4535
3735
5463
3473
7944
5301
7435
669
7890
4227
7572
7319
5978
760
419
7938
4714
362
1970
3315
5240
7924
6281
3182
3346
7127
556
210
4315
4477
7448
3424
6162
6809
4841
1983
5730
4704
211
1989
917
2470
4683
6914
6709
546
1749
2265
2286
2713
3537
3627
3749
3941
4389
4661
4859
5232
5331
5464
5926
6254
668
7138
3351
3153
2570
952
1688
6001
2518
7346
4647
1763
3447
2043
5307
7351
2605
811
6785
2123
91
7250
5649
7213
4799
319
6882
7039
4952
6201
4968
2502
2187
4102
8020
1908
945
5134
4765
5326
7733
6715
7771
5697
1056
925
4556
4917
1468
6160
6541
1698
3977
609
6019
3508
352
1733
4472
5238
5382
3297
6142
8160
4420
1055
2404
5653
6008
7294
7930
5562
5920
8074
7215
7217
369
4130
6889
8213
3640
4027
4467
4853
5348
6590
7532
3342
3622
4113
5700
8
65
329
634
919
996
1038
1082
1178
1201
1378
1416
1582
1784
1920
2336
2962
3014
3061
3343
3479
3515
3516
3892
4180
4454
4548
4590
4729
4731
4946
5138
5365
5433
5860
5970
6483
6693
6760
6801
7027
7098
7318
7337
7338
7586
7607
7961
7963
8323
6391
6902
4120
6229
6748
11
7057
7536
1431
1000
5933
5874
3505
6705
4698
7137
4864
1963
7639
2571
7874
1602
8309
3242
719
6753
5987
8263
4624
6640
5760
8106
2171
7330
1699
8354
224
3156
7552
2296
1171
679
6595
5983
4422
5355
2837
4868
691
5822
907
291
6394
1424
6912
7611
550
6065
2556
959
3932
7774
6227
102
6531
5219
1915
6812
7308
2104
7155
3474
1634
5266
5705
6632
8005
4880
6764
4044
4204
2800
3426
8138
3254
717
2240
3196
3705
320
628
6682
3367
6447
5434
5373
5412
4690
3586
3685
7494
4835
1942
5372
4482
4377
1295
558
594
146
6398
4976
5954
816
4174
6129
6333
6302
2778
6092
1352
4388
7453
6971
230
332
1893
7755
7846
6535
2085
6083
3045
3364
4363
4425
7157
1552
7440
8321
6182
1361
5806
2973
1047
6633
4597
4323
1020
7986
6818
4148
1242
6634
6523
4233
7822
7270
8011
6066
5287
3823
3174
3914
7066
960
4190
7024
2955
3441
2431
6132
4591
820
452
3172
2933
2083
7850
3927
1707
2451
2600
2727
8228
6231
7981
6758
3333
4758
1254
6731
4222
618
3772
3452
964
2477
340
1907
2248
2499
3496
3649
4347
4559
4775
5202
7622
2583
567
983
1227
2514
2956
3397
4851
5135
5638
6870
7958
8270
8374
7269
3520
3233
7408
7455
5831
1347
6366
1076
4487
3002
3291
8157
6055
755
6970
1756
3803
3227
4209
4796
6918
3270
593
1371
6779
8360
935
4161
7591
4640
7141
1704
6530
1275
798
3004
6176
7861
1758
276
7544
1956
1448
7667
7502
4756
559
7326
8150
4062
6846
6850
3572
6384
4497
5531
7662
5252
7815
6199
2119
6898
6618
6891
7621
6904
6728
4462
6928
8028
4464
8184
6506
5558
3489
5997
7917
5572
7635
6587
4862
2190
4833
8298
6298
3159
7404
5095
5308
1897
1555
7849
6089
7728
3388
100
7163
1136
7282
1154
8348
232
3017
7355
6433
97
3026
3775
4895
2785
1115
8283
6360
2741
5823
7247
1559
2616
3955
5744
1495
2229
2458
1573
1982
4722
412
4432
426
496
3713
7446
5222
3608
8221
4408
5451
8258
3851
2898
2799
7638
7172
6558
494
7436
1526
4184
3331
4630
3670
6475
6207
3933
1643
1193
7893
1796
227
773
8351
6045
989
8088
1789
6562
3852
1685
8159
7903
6473
7321
7323
7641
4463
2156
4140
4865
1488
2950
3642
5602
7983
7973
6070
1895
2960
1760
8046
6362
7149
7606
4237
1709
1379
137
4844
2916
5711
187
4401
2062
6708
7684
5077
4558
7178
1682
4480
6185
509
6331
4866
746
1225
7153
6104
4466
6532
639
1919
7701
8347
2095
2198
2522
5516
8297
2617
3574
4949
33
433
963
1169
1432
1880
2044
2698
2871
3954
4587
5659
5988
6036
6188
7520
8043
8202
7365
5
19
194
791
1153
1203
1231
1272
1313
1324
1355
1458
1490
1636
1757
1793
1933
1979
2015
2054
2121
2294
2440
2555
2745
3117
3180
3662
3797
3816
4617
4763
4910
5597
5688
6014
6029
6856
7129
7516
7609
7637
7887
8031
2368
7685
6307
7630
2000
271
7174
953
6497
4637
466
2331
200
5941
5633
5366
309
7842
5715
8002
6932
403
2630
1390
2816
7593
2893
5136
54
1091
3252
4469
1508
5212
2182
1708
2597
3029
6052
6910
4025
3765
5245
5146
2908
6310
280
6306
2822
7076
4667
757
5460
1736
1647
8378
841
682
4049
754
3910
3193
4273
2968
5797
6638
3711
2520
837
3285
4046
689
2071
6369
4794
251
6839
6235
1470
7062
3249
7851
1084
481
1770
6661
8007
6114
6287
2403
6342
357
237
7533
5276
406
8254
7550
5666
7093
7030
4436
336
7984
772
583
5343
2108
3895
742
1799
1664
4111
6736
7363
1428
447
7357
5063
2646
4615
2338
2773
2971
7116
2739
1465
1290
3512
7315
3632
5764
3716
2989
134
3224
2557
5224
1498
2991
5029
1362
4984
5918
3035
2139
8165
718
7770
7486
6924
7816
1087
5330
7709
1471
1889
5231
5416
2764
2632
5665
7407
4626
6063
4304
4228
5074
3330
6869
600
6344
6538
2194
2097
874
5177
1436
5251
3487
1722
2057
720
7576
1013
6082
7381
1394
6849
1917
4892
3384
1864
1592
208
1996
4242
8032
4410
2261
8326
5354
7578
662
7257
2772
5927
6355
3858
3477
5601
3771
3060
2846
6520
6903
3411
8133
909
4163
6422
5103
4855
2418
7361
3982
6675
1383
3167
6690
3948
3087
3848
5812
6844
3079
3422
932
2091
1296
1460
7339
3930
3657
6533
2330
6085
7035
839
5900
6613
4831
7548
503
6238
7624
2682
6111
5783
4863
7985
6699
3403
3901
2798
1440
4217
7358
6421
5566
7678
2657
7840
4373
2926
4677
5663
2501
265
4747
5534
6887
8222
2282
5493
163
3497
7654
2527
6619
4435
4108
7889
6669
2750
6006
4265
6363
5033
4028
3349
5842
1222
7768
7188
4992
3092
6710
5302
3097
6458
6934
5080
2165
5518
3806
1194
7322
5660
4326
7331
2220
2664
4996
6658
1593
1891
3609
226
6030
8329
7960
6216
3723
3571
980
785
5862
1679
4318
3675
4309
7499
4675
4038
4170
4918
949
6242
5385
1328
5561
6797
1562
6233
3453
7723
4543
3510
3475
88
7464
7689
7522
2347
7135
5544
4047
1553
6766
7281
4703
3282
2913
60
5540
6492
6451
3261
6765
4540
23
8342
725
8037
7710
8295
5325
7152
2914
8199
2695
6000
3038
1233
7244
4941
5410
7301
2705
6266
1580
5180
512
518
2432
3905
7994
1940
4179
2445
5005
2687
6781
1605
6025
1924
3255
1213
1890
6566
3144
2995
3626
2125
8140
2027
6456
4802
1649
3102
3027
7421
756
4051
5024
5645
6905
1769
1120
4826
2771
5758
3247
673
4965
1034
1215
3876
7075
7905
214
1595
5480
1800
5692
6448
6051
2169
797
3462
2529
584
6194
1862
7288
6205
6232
4581
7534
6951
1388
7737
2967
2435
4601
1878
5088
5195
1863
4636
6297
1163
5865
8105
5833
3130
7133
5584
7128
7426
1814
2109
6757
5293
5560
1106
3056
5612
6272
7074
4770
2738
4693
6514
138
6811
2037
7311
4935
2143
2847
4
7759
761
2428
4173
6678
4014
861
4308
2637
3439
5895
6465
6747
1135
4450
3292
7222
912
6545
3717
6720
5844
6908
7545
3747
3761
8281
4652
5250
6250
6486
7095
345
2658
41
4890
4123
2262
3232
2887
1334
4381
6327
8183
5264
4455
196
1519
3585
4861
775
1565
3630
4564
7814
7764
505
303
3068
6589
2301
417
5017
1370
7674
2940
1035
771
1397
1150
2635
5001
7041
5392
1819
2999
286
7631
4240
763
3738
2370
7585
7617
6984
4512
7615
3704
6093
4576
21
198
8311
2910
1640
3289
2716
956
7715
653
285
4804
3562
1827
4267
844
6588
1952
752
8018
3273
6361
1755
2710
6790
1380
6519
5076
1641
2023
2046
2234
1457
7366
1777
5278
1142
652
1010
1285
3024
7425
1229
7636
7526
4658
3654
2906
1929
4085
3444
4069
1496
6435
5911
5907
281
5875
4206
7159
410
813
2651
5778
3674
3146
1877
2815
6412
3880
3228
3151
5708
5955
7449
1597
4897
351
2611
2625
3790
5337
541
5614
5611
415
3734
2303
5506
6598
1538
424
1336
5458
4849
8352
3003
1075
7521
2867
5313
3978
6663
6923
5243
5363
1631
1955
5169
6717
5141
1670
2863
3799
2207
5105
1848
2496
685
5536
5130
2346
4276
4972
4932
1199
5482
7209
4904
4901
5110
5398
7113
2092
8038
2110
862
3870
3886
605
5684
6515
7509
1204
7145
2348
3907
5310
7579
2905
4656
930
4879
3741
885
1997
4627
2051
8225
4611
5494
5377
1782
750
4473
5979
4439
7879
5617
2881
8089
6462
7726
1349
2061
4284
4207
922
3318
5057
1286
441
8339
1623
4071
3580
4033
4024
6777
4470
891
2984
6178
3953
3950
3298
3902
3822
2952
429
6220
1850
185
6754
6879
1910
2178
3767
5216
4883
8287
278
3708
5418
6253
916
3669
7414
4711
7686
3628
3917
2848
2539
8030
4754
2620
6122
6301
4810
50
8019
5013
7283
4622
6375
3417
4781
4369
3395
2702
7749
1507
2291
1168
3393
313
1821
4650
3263
7856
5131
3575
6560
1902
1291
1357
823
3101
504
5485
976
7224
8207
7285
404
3376
3048
5622
3468
7409
3838
2944
8299
2386
199
1081
3903
6607
7083
1368
7745
4327
8051
7653
2734
445
7177
2678
5817
1630
2621
1911
6843
7677
4314
2774
7431
2433
3141
16
6389
7378
4929
2163
3185
8192
1731
573
2474
6646
5126
700
2464
611
2319
2317
4635
7277
2257
7289
7953
6973
633
363
2640
2162
1948
5620
399
2134
7452
6457
7978
2106
2145
1973
3655
5022
4250
1672
7713
6184
8151
8079
4928
1960
6056
3222
7848
4582
8306
3433
5703
6890
6223
1885
5286
2810
3052
4800
3798
6808
1817
3259
4553
4402
8312
7126
308
3625
144
4132
6752
7375
7284
8333
1627
7101
1718
401
4907
82
6676
7646
4740
1497
6907
1485
1277
1294
8107
6556
6789
245
1377
8092
349
5388
1838
3461
4834
5803
5981
1016
6626
6387
4830
7967
2901
5529
1269
6921
1417
7191
1234
1228
5109
6061
8236
8071
1124
6179
3732
5772
1044
5422
8125
3663
4082
1032
409
4877
830
1434
1888
4573
7950
6974
3420
636
5761
2377
853
6400
828
658
6317
7802
776
2513
5710
5762
5637
6067
5836
667
6255
202
627
5958
5198
3695
3549
1101
6942
1532
579
3836
495
7926
7016
7568
462
5297
577
1327
434
3875
6573
3374
2115
2519
7094
5658
1656
1068
6213
6664
2500
6997
315
1259
2064
304
3769
7167
1673
253
5709
5784
3138
5770
1278
8196
168
448
7810
4334
99
93
87
2572
5092
47
42
7119
4008
4378
