0.051982 0.0594317 0.0682417 
0.0787149 0.0912331 0.106282 
0.124485 0.146646 0.173813 
0.207349 0.249031 0.301196 
0.366957 0.450282 0.555622 
0.688337 0.857883 1.07332 
1.33161 1.64006 2.03827 
2.5382 3.04853 3.4735 
3.73055 4.06723 4.08554 
4.18353 3.96606 3.58372 
3.32634 2.94416 2.50276 
2.0816 1.66298 1.35048 
1.09871 0.875426 0.696277 
0.559012 0.452289 0.368398 
0.302158 0.249634 0.207753 
0.174103 0.146848 0.124609 
0.106341 0.0912427 0.0786896 
0.0681937 0.0593699 0.0519128 
0.0594357 0.0686461 0.0797207 
0.0931319 0.109497 0.129633 
0.154633 0.185987 0.225754 
0.276795 0.343075 0.43018 
0.546531 0.704516 0.920365 
1.20907 1.60796 2.21663 
3.02907 3.84039 4.80297 
5.9867 6.97089 8.01716 
8.15057 9.00036 8.75152 
9.17803 8.69727 7.98285 
7.60395 6.8128 6.03478 
4.95297 3.85709 3.07041 
2.29817 1.66099 1.2245 
0.925359 0.708516 0.549943 
0.432216 0.344137 0.277506 
0.226302 0.186376 0.154869 
0.129746 0.109524 0.0931041 
0.0796603 0.0685678 0.0593488 
0.068253 0.07973 0.0937914 
0.111185 0.132925 0.160412 
0.195617 0.241374 0.301886 
0.38351 0.495749 0.652359 
0.877257 1.21229 1.73132 
2.53887 3.58963 5.01208 
6.87373 8.24885 9.59937 
10.6799 11.0454 11.7536 
11.8136 12.4493 11.7417 
11.674 12.3548 12.2031 
11.5338 10.8842 11.3146 
9.6127 8.27663 6.98112 
5.25713 3.66916 2.5482 
1.74393 1.22724 0.889288 
0.656881 0.497396 0.384873 
0.303057 0.242174 0.196063 
0.16061 0.132971 0.111146 
0.0937088 0.0796261 0.0681407 
0.0787379 0.0931599 0.111211 
0.134093 0.163511 0.201932 
0.253011 0.322341 0.418837 
0.557473 0.76422 1.07773 
1.55865 2.38782 3.78747 
5.74343 7.75772 9.44025 
10.7999 11.6421 12.4179 
12.9314 14.0385 13.6644 
13.9483 14.7033 14.4579 
14.1858 14.2188 14.0888 
13.8071 12.9759 13.1743 
12.3501 11.8079 10.9997 
9.75141 7.53732 5.61211 
3.85745 2.51552 1.60517 
1.08083 0.765666 0.560968 
0.421791 0.324062 0.253825 
0.202234 0.163557 0.134021 
0.111087 0.0930156 0.0785889 
0.0912733 0.109558 0.13301 
0.163599 0.204267 0.259506 
0.336384 0.446463 0.609544 
0.861879 1.28052 2.03389 
3.28466 5.178 7.94509 
10.0426 11.4796 12.6423 
13.2324 14.4865 14.6888 
15.6907 15.9889 16.8407 
16.995 17.2423 16.9495 
16.7567 16.9605 16.7195 
16.7137 16.1355 15.5288 
14.9779 14.2319 13.4583 
12.1648 10.9642 9.74718 
8.09599 5.32336 3.23526 
1.99424 1.28603 0.875983 
0.617736 0.45006 0.337689 
0.259839 0.204235 0.16344 
0.13281 0.109351 0.0910711 
0.106343 0.129745 0.160609 
0.202237 0.259863 0.342026 
0.463118 0.648663 0.946428 
1.44955 2.37206 4.19405 
7.02863 9.56707 11.6008 
12.1935 13.596 14.6707 
15.759 16.5406 17.0222 
18.0968 18.096 18.8982 
18.796 19.1846 19.4226 
18.8369 19.3093 18.6625 
18.7656 18.1215 17.8007 
17.934 16.7087 15.7314 
14.672 13.5527 12.8635 
11.6263 8.96304 6.62043 
4.14115 2.47437 1.50815 
0.966583 0.655037 0.46449 
0.341986 0.259544 0.201893 
0.160281 0.129441 0.106065 
0.12456 0.154805 0.195987 
0.253749 0.337711 0.465008 
0.666936 1.00356 1.60602 
2.7646 4.81697 7.80759 
10.8757 11.9205 13.2237 
14.5971 16.0822 17.082 
17.9191 18.6179 19.5492 
19.9115 20.3907 21.1713 
20.7668 21.061 21.6152 
20.7149 21.4837 20.8844 
20.7595 20.3 20.1857 
19.2348 18.4097 17.7668 
16.8343 15.7713 14.8979 
13.4746 12.4333 10.6763 
7.94968 5.08016 2.89757 
1.64947 1.00995 0.665493 
0.46333 0.336719 0.25309 
0.195466 0.154361 0.124175 
0.146708 0.186194 0.241947 
0.323759 0.449739 0.656223 
1.01873 1.68708 3.01384 
5.57582 9.03376 11.1405 
12.781 14.1072 15.6657 
16.9881 17.7821 18.8037 
19.8191 20.7438 21.2092 
22.3512 22.4368 22.6902 
22.9917 23.5251 23.2948 
23.0253 22.9486 23.125 
22.9026 22.5182 21.8037 
21.8097 20.5383 19.9909 
18.8942 17.8964 16.6263 
15.7039 13.9464 12.8865 
11.0197 8.82501 5.73419 
3.09221 1.67582 1.00261 
0.650461 0.447848 0.322715 
0.241159 0.185551 0.146174 
0.173789 0.22588 0.302528 
0.421002 0.615738 0.96278 
1.67271 3.16168 5.77412 
9.33227 11.8246 13.3195 
14.694 16.0488 17.6948 
18.964 19.6357 20.7095 
21.7893 22.6272 22.6779 
23.5377 23.7088 24.1868 
24.5975 24.6642 25.0447 
24.5578 24.3372 24.5759 
24.4257 24.2441 23.4844 
22.9756 21.908 21.6736 
20.5105 19.9499 19.2084 
17.7367 15.7565 14.553 
13.1278 11.524 9.62095 
5.89912 3.0265 1.60997 
0.95609 0.614166 0.419612 
0.301361 0.224945 0.173044 
0.207098 0.276554 0.383672 
0.559543 0.872327 1.48462 
2.83794 5.76426 9.50458 
11.3269 12.7224 14.7521 
16.8485 18.3732 19.4072 
20.8514 21.5426 22.7912 
23.2219 23.9226 24.6887 
25.5176 25.586 25.9524 
26.3191 26.2151 26.7612 
26.0854 26.2222 26.404 
25.8195 25.9631 24.8699 
25.1853 23.8225 23.6936 
22.541 21.2934 20.8358 
19.8269 18.2504 16.7602 
15.0279 13.0806 12.0911 
9.61171 5.50901 2.81859 
1.49931 0.871696 0.557407 
0.381836 0.275165 0.206052 
0.248326 0.341925 0.49417 
0.762584 1.28456 2.48834 
5.02344 8.46539 11.6934 
13.8146 15.3729 17.232 
18.4928 19.4943 21.0057 
22.0367 22.9622 24.1176 
24.7428 25.562 26.2035 
26.7147 27.5027 27.5771 
27.872 28.0733 28.4156 
27.5223 27.9197 27.9701 
27.1996 27.8038 26.3509 
26.2579 25.3798 24.9749 
23.7371 23.3344 22.2172 
21.1472 19.6246 18.3753 
17.0751 15.0371 13.4757 
11.7157 8.63638 5.03059 
2.4775 1.28207 0.758179 
0.491044 0.339829 0.246856 
0.299729 0.427222 0.646875 
1.06776 1.99973 4.25635 
8.47816 11.5376 12.8995 
14.9759 16.9906 18.2924 
19.9195 21.2189 22.676 
23.4054 24.5319 25.6175 
26.0725 27.2165 27.3409 
27.9705 28.633 28.8648 
29.1589 29.3266 29.2392 
28.7732 29.3673 29.1065 
29.0649 28.6138 28.3113 
27.7653 26.8733 26.6232 
25.436 24.8721 23.477 
22.8605 21.181 19.9047 
18.5941 16.8681 15.4885 
13.0059 10.8822 8.0498 
4.20997 1.98008 1.05703 
0.64174 0.424157 0.297693 
0.364431 0.540392 0.862506 
1.53113 3.22563 6.8266 
10.4007 12.5761 14.8158 
16.8017 18.2308 20.1401 
21.6972 22.6161 23.8501 
25.0568 26.0909 26.4654 
27.9 27.9216 29.0195 
29.4677 29.7753 30.3782 
30.2773 31.1332 30.5677 
29.8866 30.3839 30.001 
30.3771 30.0154 29.083 
29.0493 28.1315 27.477 
26.6524 26.3737 24.9405 
23.9691 22.7577 21.355 
19.8546 18.3818 16.6565 
14.6934 12.8162 11.36 
6.78756 3.11612 1.51402 
0.85608 0.536163 0.361663 
0.446689 0.694428 1.18039 
2.28718 4.97642 9.40092 
12.1472 14.0041 16.2027 
18.8018 19.6027 21.271 
22.5249 24.0316 25.3272 
26.1903 26.965 27.9469 
29.1459 29.5885 30.107 
30.7498 30.9986 31.5157 
31.6376 31.9251 32.0149 
31.4699 31.9376 31.3224 
31.6309 31.2404 30.8145 
30.3797 29.3673 28.8552 
28.3707 27.0406 26.2409 
25.0977 24.1032 22.7283 
21.3248 19.9701 18.2584 
16.6837 13.79 12.0494 
9.09275 4.85351 2.28264 
1.17335 0.68806 0.443017 
0.551556 0.907324 1.69207 
3.6175 7.50961 11.5737 
13.6164 15.6964 17.1847 
19.9061 20.7287 22.9041 
24.0682 24.915 26.2788 
27.6646 28.141 29.2482 
29.9516 30.591 31.0253 
31.5521 32.145 32.4822 
32.8118 33.1574 32.6614 
32.1274 32.6783 32.6198 
32.6954 32.4486 31.6625 
31.4816 30.6653 30.2181 
29.1031 28.6298 27.7007 
26.1785 25.4754 23.6729 
22.6971 20.7372 18.8465 
17.8433 15.3144 13.71 
11.3338 7.3844 3.53808 
1.65382 0.897526 0.54742 
0.685583 1.19685 2.4876 
5.69002 10.2259 12.5377 
14.2719 16.6625 18.9222 
20.7481 21.7266 23.5011 
25.093 26.1052 27.3719 
28.1933 29.3331 29.9291 
30.6525 31.6598 32.278 
32.5259 33.4239 33.6579 
33.6499 34.1088 34.0181 
33.7657 33.9201 33.941 
33.6073 32.8457 32.7621 
32.3354 31.5054 30.8154 
30.0938 28.9736 28.355 
27.1344 26.5034 24.5522 
23.5068 22.0093 20.6378 
18.6928 16.8504 14.6783 
12.7561 9.79727 5.32545 
2.42097 1.19237 0.682807 
0.859801 1.60448 3.50156 
7.56887 11.8461 13.4142 
15.8163 18.7182 19.7115 
21.8743 23.2467 24.7585 
25.7373 27.6079 28.3523 
29.4509 30.3685 31.2637 
32.1992 32.3638 33.3487 
33.5153 34.1558 34.5912 
34.6079 34.8643 34.9939 
34.5118 34.6916 34.5023 
34.4156 34.1062 33.615 
33.2124 32.6929 31.7959 
31.2703 30.165 29.403 
28.3258 27.223 26.2901 
24.5593 22.7936 21.6905 
19.7956 18.2006 15.6685 
13.7707 11.2002 7.63177 
3.64056 1.63312 0.858588 
1.08351 2.22724 4.9672 
9.35631 12.5614 14.6819 
16.8884 19.1193 20.5756 
22.7191 23.7671 25.8891 
26.6299 27.9684 28.993 
30.0496 31.1524 31.9698 
32.8492 33.2569 34.1839 
34.6362 35.2951 35.4121 
35.3377 35.726 35.728 
35.5098 35.6679 35.7008 
35.2545 35.0565 34.5123 
33.9039 33.521 32.6576 
32.2956 30.9133 30.1273 
29.2326 28.1346 26.8053 
25.0477 24.1366 22.7536 
20.6749 18.9653 16.8928 
14.537 12.0166 9.51721 
5.19919 2.25419 1.07343 
1.35457 3.08096 7.05023 
11.0031 13.2212 15.9063 
17.7641 20.1679 21.4319 
23.5844 24.7261 26.5266 
27.6737 28.8121 30.1654 
30.949 32.014 32.753 
33.2808 34.1836 34.9472 
35.4234 35.5637 36.0752 
36.2261 36.2563 36.4742 
36.2614 36.1713 36.0093 
35.7621 35.3867 35.0222 
34.6893 34.0939 33.4739 
32.5827 32.003 30.9474 
29.6913 28.7096 27.827 
25.9601 24.4165 23.5961 
21.5838 20.0171 17.719 
15.8446 13.1652 10.6582 
6.67765 2.97968 1.31638 
1.70166 3.92006 8.19078 
11.6884 13.8661 16.8215 
18.7889 21.0805 22.287 
24.4824 25.1965 26.9643 
28.1732 29.7829 30.4681 
31.8883 32.6524 33.3625 
34.3304 34.7604 35.5837 
36.1038 36.4868 36.2757 
36.716 36.8496 37.0716 
36.627 37.0002 36.5977 
36.6336 36.1708 35.8744 
35.5203 34.6981 34.1195 
33.2867 32.3649 31.6051 
30.6156 29.3847 28.1155 
27.2692 25.8574 23.9114 
21.9684 20.8965 18.9656 
16.3227 13.7292 11.9174 
8.61047 3.80075 1.58324 
2.11982 4.93682 9.43193 
12.4137 15.1562 17.1665 
19.1404 20.9284 22.9173 
25.0167 26.3218 27.7002 
28.8608 30.5349 31.1252 
32.4985 33.3331 34.2115 
34.9881 35.488 36.2032 
35.9663 37.1157 36.9654 
37.2643 37.7964 37.6243 
37.4343 37.7244 37.3834 
36.567 36.664 35.9884 
35.9632 35.3656 34.9845 
33.9183 32.6794 32.4745 
31.0915 30.5867 28.8129 
27.7019 26.2778 24.8459 
22.963 21.4325 19.2815 
17.254 14.5695 12.4714 
9.31059 4.58624 1.95295 
2.57526 5.98445 10.4928 
13.3095 15.5421 17.6835 
20.2774 22.1314 23.7905 
25.4858 26.8135 28.1541 
29.6952 30.5808 31.7986 
32.815 33.658 34.7476 
34.9 35.6394 36.4501 
36.6898 37.3972 37.2959 
38.1201 37.9381 38.1798 
38.0579 37.7824 37.901 
37.5694 37.3319 36.964 
36.7644 35.553 35.3219 
34.0329 33.711 32.9063 
31.6664 30.1045 29.3312 
27.6518 26.1844 25.1383 
23.2783 21.7151 19.9615 
17.643 15.5226 13.2373 
10.5043 5.74022 2.39642 
3.02423 7.08625 11.347 
13.3949 16.2761 18.6567 
20.5933 22.604 23.8871 
25.9245 27.3152 28.6112 
30.1368 31.2139 32.248 
33.1115 34.1248 35.007 
35.321 36.3525 36.9261 
37.1399 37.5485 37.8493 
38.1675 38.6913 38.3153 
37.9932 38.2302 38.3563 
37.7744 37.2248 37.4666 
36.6248 35.9799 35.4755 
34.7247 34.0846 33.1771 
32.1052 30.9087 29.8567 
28.5894 26.7924 25.8347 
23.5355 22.591 20.4978 
18.2401 15.802 13.6969 
10.8846 6.34534 2.76775 
3.36119 7.6068 11.5881 
14.1189 16.7233 18.6778 
20.713 22.5987 24.6502 
26.1551 27.663 29.1714 
30.2793 31.5064 32.4154 
33.6681 34.0919 35.1226 
35.7686 36.4175 37.407 
37.6201 37.71 38.26 
38.7485 38.729 38.8292 
38.9704 38.8001 38.6764 
37.9798 37.6048 37.5439 
36.9561 36.521 35.6423 
35.1656 34.2704 33.3547 
32.4969 31.1605 30.242 
28.9756 27.6442 26.2094 
24.5753 22.8542 20.6486 
18.772 16.6655 14.0726 
11.7645 7.47374 3.20645 
3.68239 8.38669 12.4799 
14.1834 16.8748 19.0818 
21.2191 23.3418 24.4335 
26.5644 27.9459 29.2421 
30.5531 31.6316 32.8349 
33.779 34.6514 35.604 
36.3641 36.7597 37.4917 
37.936 38.1184 38.6141 
38.9085 38.9039 39.1769 
38.9115 38.9959 38.9923 
38.5828 38.309 37.7816 
37.6819 37.0269 36.1348 
35.2301 34.506 33.6873 
32.6077 31.7452 30.2971 
28.9487 27.4948 25.9607 
24.5778 23.0172 21.5594 
18.7584 17.0504 14.025 
12.1909 8.11162 3.52306 
3.88354 8.58014 12.477 
14.4223 17.3133 19.5244 
21.3871 23.4211 25.043 
26.6459 27.6901 29.178 
30.4998 31.5799 32.9725 
34.0083 35.0361 35.9443 
36.2718 36.9061 38.051 
38.0117 38.4568 38.94 
38.6622 38.9786 38.9791 
38.9025 38.9825 39.1566 
38.4993 38.2418 37.724 
37.473 36.8387 36.2619 
35.5097 34.8424 34.0482 
32.7927 31.95 30.7408 
29.4282 28.0167 26.7462 
25.3918 22.96 21.0966 
19.315 16.8466 14.3157 
12.0274 8.26655 3.72917 
4.04487 8.83498 12.3248 
14.8797 17.1699 19.6706 
21.5997 23.1053 25.037 
26.5998 28.5652 29.6055 
31.0821 32.1595 33.2146 
33.8675 34.8023 35.6433 
36.2127 36.7406 37.6891 
37.9584 38.5527 38.8204 
39.0226 39.0727 39.1199 
39.3075 39.1791 38.93 
39.0435 38.63 38.1347 
37.6733 37.5972 36.4272 
35.9047 34.9739 34.0234 
33.0477 31.9139 31.1213 
29.6366 28.2765 26.654 
25.0382 23.2786 21.1601 
19.5804 17.2945 14.52 
11.9419 8.91193 3.96777 
4.18357 9.22055 11.9642 
14.5648 16.8557 19.2613 
21.1892 23.7421 24.8851 
26.7565 28.0868 29.3433 
30.5234 31.8959 32.7666 
33.6514 34.6638 35.5425 
36.0621 36.9999 37.4421 
37.8467 38.7005 39.015 
38.8569 39.2778 39.2662 
39.0951 38.5439 39.134 
38.5147 38.3681 37.8079 
37.1498 37.0129 36.0854 
35.4603 34.6092 33.8843 
32.8019 31.5625 30.3639 
29.2032 27.914 26.4511 
24.8336 23.3918 21.4074 
19.0395 17.153 14.0332 
12.3363 8.60588 3.83962 
3.93308 8.60467 12.0264 
14.5292 17.4042 19.4676 
20.9429 23.5936 24.7517 
26.7108 27.9797 29.1112 
30.5562 31.6546 32.7978 
34.1294 34.747 35.8632 
36.1003 37.2108 37.6615 
37.8812 38.887 38.8299 
38.7792 39.3092 39.0558 
38.8519 38.923 39.3156 
38.4931 38.5735 38.0281 
37.4145 36.6052 36.3042 
35.6065 34.9299 34.1958 
32.9103 32.1811 30.3963 
29.4698 27.8075 26.3786 
24.7537 23.287 21.479 
18.9443 17.3169 14.0613 
12.0232 8.01927 3.60963 
3.69033 8.51629 12.467 
13.9434 16.7946 19.1602 
21.0653 23.1199 24.0822 
26.2283 27.546 28.9366 
30.1627 31.701 32.55 
33.3396 34.4718 35.5436 
36.2336 37.1688 37.02 
37.8344 38.0104 38.3055 
38.3484 38.7509 38.9323 
38.4715 39.1481 39.0874 
38.6631 38.172 37.7188 
37.7094 36.9308 36.5198 
35.5645 34.9557 33.6064 
32.8171 32.0836 30.0652 
29.5233 27.7887 25.8883 
24.4913 22.7199 20.8615 
18.963 16.5866 13.9629 
11.881 7.70792 3.38192 
3.27326 7.47297 11.685 
13.942 16.4035 18.9165 
20.8346 22.4335 24.5595 
26.3589 27.3112 29.4043 
30.4918 31.1776 32.7751 
33.4087 34.423 35.4501 
35.919 36.5552 37.0087 
37.1644 37.8975 38.4081 
38.8163 38.8302 38.95 
38.8438 38.6695 38.779 
38.7299 38.0909 37.5596 
37.1481 36.8637 36.3165 
35.7613 34.5734 33.6602 
32.3996 31.1711 30.3001 
28.9291 27.5307 26.09 
24.4219 22.768 20.5211 
18.5709 16.5369 13.5718 
11.6392 7.50343 3.1669 
2.85891 6.6716 11.2676 
13.4381 15.8317 18.5017 
20.1985 22.3876 24.1411 
25.4712 27.2894 28.404 
29.8212 31.13 32.4344 
32.9584 34.3098 35.1977 
35.2897 36.194 36.6566 
37.5361 38.1302 37.9001 
38.65 38.6343 38.7305 
38.3944 38.4328 38.5142 
37.9882 38.0269 37.5245 
37.1289 36.2697 35.4037 
34.7037 33.8837 33.1433 
32.2524 31.1562 29.7586 
28.4065 27.0916 25.7073 
23.6801 22.312 20.4553 
18.1222 16.0394 13.1679 
11.1523 6.49071 2.73578 
2.47283 6.02324 11.2234 
13.0687 15.6247 18.6615 
19.8137 21.8438 24.3422 
25.2134 26.9427 28.1476 
29.1254 30.4567 31.9105 
32.6723 33.6366 34.5265 
34.7534 35.9219 36.4642 
37.0544 37.4138 37.8774 
38.4711 38.0229 38.4043 
38.5575 37.9094 38.2228 
38.1267 37.6242 37.0128 
36.6079 36.0065 35.1672 
34.8101 33.9185 32.6158 
31.7242 30.5909 29.6743 
28.3607 26.5395 25.5359 
23.4881 21.8703 20.154 
17.588 15.2354 12.5569 
10.1219 5.28679 2.23624 
2.0283 4.78598 9.40961 
12.4084 14.7117 16.986 
19.4274 21.1726 23.2243 
24.4616 26.4052 27.8415 
29.2893 30.4862 31.3547 
32.3122 33.2605 34.0867 
35.1834 35.7993 36.255 
36.6611 36.972 36.9223 
37.676 37.8812 37.871 
37.3484 37.5698 37.3987 
37.5247 36.625 36.3898 
35.9816 35.2623 34.5311 
33.7356 33.1116 32.2156 
31.0758 29.9729 28.6479 
27.4129 25.9027 24.7956 
22.7255 20.927 18.8706 
17.1891 15.0033 12.4296 
9.09033 4.33592 1.82774 
1.62581 3.74245 8.01037 
11.5663 14.2451 16.8889 
18.925 20.5374 22.6453 
24.5472 25.9426 27.5659 
28.5664 29.6017 30.6026 
31.8426 32.7055 33.5804 
34.309 34.6592 35.6107 
36.216 36.3116 36.7298 
37.2884 36.8336 36.997 
36.9086 37.2667 36.8712 
36.7239 36.2331 35.8399 
35.4064 34.9829 34.1011 
33.2234 32.3545 31.3974 
30.8719 29.2275 28.4682 
26.7559 25.7937 23.8847 
22.2178 20.5494 18.5837 
16.7258 13.5696 11.4652 
8.09021 3.57243 1.5002 
1.31808 2.92299 6.62821 
11.0294 13.6145 15.5449 
17.9401 19.6471 21.9055 
23.5293 24.5267 26.1176 
27.7045 28.9248 30.3383 
31.6282 32.2991 32.8965 
33.9871 34.0986 35.0984 
35.1612 35.457 36.1063 
36.2622 36.4429 36.688 
35.8564 36.2386 35.9662 
35.8755 35.5867 34.9171 
34.7459 33.844 33.3705 
32.9782 31.7687 30.9957 
30.0141 28.7488 27.2426 
26.4616 24.6149 23.3834 
21.3891 19.7455 17.5044 
15.2936 13.062 10.3063 
5.99303 2.66924 1.22775 
1.06521 2.16352 4.95726 
9.64136 12.2714 14.6989 
17.6478 19.2009 20.7594 
22.9433 24.0834 25.8568 
27.0029 28.2416 28.8572 
30.0956 30.9265 31.9549 
32.7138 32.988 34.1713 
34.2653 34.9267 35.2768 
35.839 35.8303 35.4033 
35.4334 36.1295 35.635 
35.3991 35.025 33.9922 
34.0261 33.4452 32.5592 
31.6935 31.2509 29.9938 
29.013 28.0968 26.6343 
25.5593 23.6006 22.2742 
20.4137 18.9462 16.6554 
14.7074 12.2836 9.11374 
4.50623 1.96068 0.990796 
0.85235 1.59961 3.64378 
7.92815 11.4087 13.2942 
15.8366 17.7654 19.67 
21.6426 23.308 24.6311 
25.9883 27.539 28.3927 
29.7648 30.4649 31.5283 
32.0387 32.7407 33.3905 
33.5007 33.9812 34.5357 
34.5367 34.7937 34.9169 
34.7784 34.5376 34.6352 
33.9175 34.1317 33.3757 
33.2199 32.5365 31.8136 
31.1361 30.1659 29.2609 
28.3618 27.1026 25.8575 
24.3736 23.4732 21.6133 
19.8424 18.013 15.9519 
13.5414 10.6934 7.26616 
3.33427 1.47187 0.797581 
0.683058 1.19951 2.48607 
5.48813 9.83273 12.6789 
14.8204 17.0353 18.8194 
20.6123 22.1083 23.3789 
25.0258 26.3767 27.3076 
28.418 29.3485 29.9718 
31.1072 31.8879 31.9901 
32.7855 33.2942 33.967 
33.7027 33.4318 33.5674 
33.8305 34.0129 33.7862 
33.8355 33.4042 32.7181 
32.1112 31.8713 31.0435 
30.1847 29.3208 28.2065 
27.325 26.2912 24.8857 
23.3589 22.4598 19.8244 
18.6256 16.4722 14.3068 
12.2547 8.60083 4.78476 
2.25975 1.11465 0.643752 
0.549847 0.905356 1.67405 
3.50096 7.16734 11.2133 
13.4595 15.4871 17.4829 
19.8106 21.0073 22.5202 
24.2064 24.9937 26.1897 
27.3702 28.2707 29.2389 
30.1463 30.0797 31.1 
31.6971 31.7767 32.6334 
33.0243 32.8051 32.999 
33.0743 32.6655 32.5757 
32.1325 32.0299 31.5395 
30.8169 30.4435 29.7889 
28.85 28.3217 27.205 
25.9017 25.2737 23.6234 
22.2393 20.8926 19.0607 
17.8015 15.3967 12.9576 
11.371 6.82407 3.17074 
1.53563 0.847228 0.521153 
0.445247 0.693469 1.18571 
2.33353 5.19215 9.6722 
11.6883 14.1743 16.1233 
18.019 19.7829 21.2105 
22.5927 24.128 25.3495 
26.5297 27.173 27.8226 
28.6924 29.9375 30.2549 
30.7566 30.7849 31.7522 
31.2184 31.6318 31.8336 
31.5929 32.1122 31.442 
31.5538 31.359 30.978 
29.8993 29.3427 28.7167 
28.0194 26.8848 26.2737 
25.0615 23.7274 22.4264 
21.0771 19.7083 17.7953 
15.8936 13.6733 11.5775 
9.11073 4.8392 2.16592 
1.10465 0.653956 0.424214 
0.363249 0.540269 0.869695 
1.57433 3.30077 6.70085 
10.2954 12.5692 14.7531 
16.6587 18.5435 19.9795 
21.58 22.5438 23.4069 
24.8287 26.113 26.8725 
27.3157 28.241 28.7063 
29.1284 29.7102 30.5301 
30.3456 30.6179 30.4213 
30.5271 30.4696 30.0992 
29.8142 29.8693 29.3721 
28.484 28.1494 27.563 
26.9377 25.9279 24.5926 
23.9507 22.5211 21.4974 
19.6958 18.1461 16.3842 
14.6042 12.2792 10.1968 
6.29534 3.01453 1.45949 
0.817719 0.51319 0.347799 
0.298491 0.426374 0.64869 
1.07813 2.03006 4.1829 
7.78432 10.8987 12.88 
14.8826 16.7539 18.2791 
19.9859 20.975 22.8978 
23.5345 24.4666 25.2835 
26.4049 26.8348 28.0595 
28.1406 28.3691 28.7705 
29.0998 29.4214 29.1883 
29.5794 29.6547 29.0196 
28.5716 28.6415 28.0306 
27.6287 26.8319 26.0285 
25.1952 24.3352 23.3259 
22.0994 20.6091 20.2615 
17.7918 16.8755 14.4463 
13.1359 10.8762 7.17925 
3.72673 1.8384 1.00375 
0.613613 0.407205 0.286998 
0.246877 0.340093 0.492045 
0.760897 1.28609 2.39125 
4.70936 8.52297 11.3621 
13.0197 15.333 16.6712 
18.6058 19.7627 20.8405 
22.4463 22.8142 24.3221 
24.9218 25.4653 26.0413 
26.7083 26.8036 27.4944 
27.7435 28.0813 27.527 
27.8294 27.6147 27.4047 
27.5906 27.0882 26.759 
26.0499 25.3996 24.9249 
23.9494 23.0507 22.0742 
21.0682 19.5959 18.361 
16.461 14.9289 12.6759 
11.181 7.89807 4.1978 
2.126 1.17386 0.713058 
0.467963 0.326277 0.238237 
0.205491 0.274132 0.379659 
0.551722 0.85125 1.41215 
2.59439 5.1138 9.11237 
12.0555 12.8209 14.9153 
16.6104 17.6863 19.3265 
20.4035 21.4127 22.6518 
23.0409 23.7374 24.5514 
25.3612 25.5418 26.1189 
25.9544 26.5774 26.2237 
26.5287 26.8771 26.1457 
26.0675 25.4054 25.0324 
24.6453 23.8574 23.0846 
22.3342 21.2271 20.6507 
18.966 18.0367 16.335 
14.5482 12.8861 11.6534 
8.99008 4.91448 2.40341 
1.30638 0.796438 0.522852 
0.363387 0.264166 0.19897 
0.172153 0.223312 0.2981 
0.41233 0.596073 0.911781 
1.50924 2.84402 5.57347 
8.87558 11.4702 12.9346 
14.4823 16.3911 17.5908 
18.4622 19.6491 20.7163 
21.3214 22.5762 23.0784 
23.6732 23.833 24.1954 
24.8791 24.8329 24.6044 
25.0218 24.5679 24.5405 
24.1148 23.7972 23.4095 
22.7039 22.0445 21.782 
20.5921 19.4542 18.3807 
17.061 16.0318 14.5206 
12.8132 11.3593 8.53413 
5.216 2.71841 1.44546 
0.866596 0.567738 0.394966 
0.287177 0.216131 0.167222 
0.145159 0.183793 0.23795 
0.316537 0.435534 0.626138 
0.956993 1.59688 2.84885 
5.1883 8.65835 10.9671 
12.415 13.9719 15.4527 
16.6587 18.168 18.9379 
19.7751 20.5562 20.8773 
21.8156 22.0242 22.1669 
23.2496 22.9084 22.8428 
23.0938 22.9898 22.8121 
22.557 22.3205 21.6964 
21.1422 20.5178 19.7728 
18.6812 17.7857 17.0322 
15.2148 13.8184 12.1865 
10.8592 8.37956 4.82896 
2.62232 1.502 0.916854 
0.601809 0.419292 0.305613 
0.230497 0.178583 0.141416 
0.123169 0.152718 0.192701 
0.24831 0.328327 0.448571 
0.639352 0.958189 1.52372 
2.61011 4.59813 7.61936 
10.3237 11.9105 13.2092 
14.4055 15.9287 16.8252 
17.7678 18.222 19.18 
19.9975 20.3363 20.7893 
20.6176 21.1886 21.5898 
20.6756 21.6483 20.8332 
20.5492 20.058 19.6657 
19.3748 18.8446 17.5844 
16.5595 15.7169 14.708 
12.9523 12.2177 9.90543 
7.34906 4.52228 2.4876 
1.4367 0.913354 0.614907 
0.433494 0.318067 0.241056 
0.187472 0.148883 0.120305 
0.105134 0.128 0.15801 
0.198255 0.253643 0.332288 
0.448009 0.624887 0.907253 
1.38028 2.24862 3.90287 
6.50445 9.14593 11.1457 
12.2961 13.239 14.4706 
15.4213 16.2996 17.5004 
17.5812 18.2402 18.6496 
19.1129 19.0082 19.085 
19.1723 19.34 18.637 
18.9374 18.0844 17.8696 
16.7498 16.0907 15.5048 
14.4394 13.2286 11.8425 
10.377 9.16052 6.18421 
3.68105 2.19041 1.34386 
0.874623 0.602725 0.433699 
0.322649 0.246799 0.193225 
0.154238 0.12513 0.10292 
0.0902421 0.108125 0.130975 
0.160664 0.199991 0.253255 
0.327215 0.432802 0.58849 
0.827985 1.21656 1.89924 
3.10393 4.9384 7.49349 
10.1374 11.0763 12.5081 
13.1 13.9601 14.7107 
14.8136 16.3745 16.1755 
16.4988 16.828 17.0836 
16.9191 16.8896 16.6078 
16.1825 15.3409 15.5857 
14.6387 13.8663 12.8483 
11.9691 11.0738 9.613 
6.99844 4.6976 2.95533 
1.80225 1.17163 0.804282 
0.571973 0.420694 0.318507 
0.246923 0.195272 0.157068 
0.12819 0.105941 0.0885129 
0.0778661 0.0919871 0.109612 
0.13189 0.160456 0.197676 
0.247042 0.313853 0.406461 
0.538701 0.734385 1.0334 
1.50492 2.28799 3.55435 
5.26973 7.15685 9.29517 
10.2677 11.804 12.4291 
13.061 13.5404 13.7662 
14.21 13.9972 14.4475 
14.1068 14.2933 14.3103 
13.8426 13.6703 12.933 
12.0902 11.4042 10.5544 
8.95568 7.04833 5.28327 
3.45041 2.18016 1.44318 
0.996038 0.711247 0.524308 
0.396483 0.306435 0.241419 
0.193368 0.157111 0.129257 
0.107515 0.0903019 0.076501 
0.0675177 0.0787684 0.0925222 
0.109497 0.13067 0.157385 
0.191525 0.235783 0.29412 
0.372511 0.480083 0.630616 
0.845976 1.15886 1.61687 
2.29652 3.34117 4.76485 
6.17054 7.75551 8.87112 
10.6362 10.6893 11.1565 
11.3899 11.8412 11.953 
11.6542 11.5017 11.4438 
10.7177 10.8415 9.8713 
9.12648 7.5172 6.00141 
4.56809 3.26467 2.32497 
1.60967 1.13041 0.821567 
0.613084 0.467805 0.363855 
0.287757 0.230909 0.187703 
0.154351 0.128238 0.107529 
0.0909172 0.0774506 0.0664294 
0.0588147 0.0678532 0.0787015 
0.0918149 0.107788 0.127405 
0.151714 0.182134 0.220615 
0.269877 0.333709 0.417384 
0.528202 0.675924 0.873553 
1.14171 1.52872 2.07377 
2.73321 3.46131 4.28886 
5.44179 6.44937 7.35045 
7.50795 8.19213 8.71537 
8.33084 8.0714 8.17139 
7.10293 6.38189 5.20026 
4.34899 3.50268 2.64935 
2.00026 1.49294 1.13126 
0.86504 0.6643 0.517011 
0.408257 0.326662 0.264476 
0.216414 0.178796 0.149019 
0.125206 0.105979 0.0903176 
0.0774552 0.0668109 0.0579393 
0.0514558 0.0587732 0.0674139 
0.0776698 0.0899091 0.104599 
0.122336 0.143889 0.170253 
0.202722 0.242969 0.293137 
0.355928 0.434686 0.533644 
0.659029 0.819099 1.01494 
1.24118 1.50633 1.84976 
2.28402 2.78951 3.20747 
3.40238 3.70891 3.91312 
3.79124 3.69474 3.59973 
3.18728 2.73262 2.2396 
1.83127 1.52499 1.23712 
0.999038 0.805269 0.649937 
0.526693 0.428106 0.349838 
0.287894 0.238644 0.199206 
0.167388 0.141535 0.120383 
0.102967 0.0885383 0.0765129 
0.0664339 0.0579403 0.0507458 
0.517822 0.59065 0.677369 
0.78135 0.906955 1.05987 
1.24756 1.47995 1.77026 
2.13625 2.60181 3.19951 
3.97401 4.98471 6.30475 
8.0294 10.3149 13.3279 
17.1077 21.851 28.2108 
36.4633 45.472 53.7746 
60.0868 67.9744 70.8783 
75.1595 73.6152 68.8488 
65.9697 60.0952 52.5085 
44.7542 36.5816 30.3737 
25.1901 20.4069 16.4735 
13.4026 10.9696 9.02351 
7.46315 6.20927 5.19764 
4.37618 3.70455 3.152 
2.69493 2.3149 1.99739 
1.73084 1.50602 1.31555 
0.572786 0.658862 0.762882 
0.88972 1.04589 1.24019 
1.48469 1.7962 2.19841 
2.72508 3.42455 4.36742 
5.66186 7.47116 10.0217 
13.5636 18.6567 26.651 
37.7456 49.8394 65.1726 
84.673 102.91 123.188 
130.692 150.001 151.742 
165.002 161.904 154.072 
151.629 140.172 127.972 
107.699 86.167 70.2237 
53.6053 39.4174 29.5124 
22.6125 17.517 13.7306 
10.8794 8.72076 7.07051 
5.7901 4.78322 3.98285 
3.34078 2.82142 2.39801 
2.05027 1.76266 1.52323 
0.634619 0.736781 0.862302 
1.0183 1.21465 1.46524 
1.79002 2.21833 2.79437 
3.5862 4.69849 6.29119 
8.64515 12.2541 18.0215 
27.2585 39.9912 58.4067 
83.7059 105.196 128.569 
149.61 162.071 179.995 
189.081 207.297 203.134 
210.012 230.845 235.833 
230.412 224.989 241.414 
210.501 186.915 161.55 
124.539 88.6512 62.6579 
43.4795 30.9637 22.656 
16.8682 12.8562 9.99819 
7.90154 6.3293 5.13104 
4.20511 3.48045 2.90653 
2.447 2.07533 1.77195 
0.704267 0.826057 0.978514 
1.17218 1.42227 1.75121 
2.19296 2.80055 3.66001 
4.91767 6.82987 9.80202 
14.5249 22.8999 37.5631 
59.3327 83.8464 107.549 
129.936 147.418 165.341 
180.859 205.688 208.855 
223.172 244.822 250.155 
255.059 265.696 272.356 
276.228 268.292 281.401 
271.642 267.596 256.191 
233.275 184.391 140.343 
98.2115 64.8399 41.7419 
28.3386 20.2078 14.8759 
11.2193 8.63364 6.76565 
5.38825 4.35278 3.56048 
2.94457 2.45901 2.07138 
0.782803 0.928663 1.11516 
1.35813 1.68156 2.1227 
2.7415 3.6382 4.98826 
7.11944 10.7252 17.3197 
28.6818 47.1329 75.7619 
101.149 122.495 142.727 
158.543 182.758 195.275 
219.059 233.944 257.777 
271.42 286.767 293.589 
301.332 316.861 323.309 
334.916 333.596 332.018 
329.818 322.931 314.128 
291.923 269.947 246.225 
209.168 139.479 85.8608 
53.4307 34.6921 23.7395 
16.7801 12.2342 9.17529 
7.05037 5.53008 4.41368 
3.5753 2.93346 2.43381 
0.871429 1.04695 1.27684 
1.58533 2.01117 2.61863 
3.51849 4.91217 7.18536 
11.1152 18.5199 33.5281 
58.1748 83.9052 108.299 
121.641 144.612 165.367 
188.234 208.35 226.106 
252.297 264.486 289.143 
300.051 319.174 336.495 
338.737 360.813 360.917 
375.947 375.106 380.799 
395.371 379.377 367.74 
352.611 334.603 326.276 
302.034 237.531 178.683 
113.28 68.2901 41.7944 
26.8309 18.1811 12.874 
9.45633 7.15457 5.54505 
4.38416 3.52495 2.87491 
0.971478 1.18371 1.46942 
1.86628 2.4388 3.30302 
4.67607 6.98964 11.203 
19.4957 34.9068 59.3336 
87.3393 103.063 122.92 
145.114 170.471 192.13 
213.498 234.468 259.291 
277.295 298.055 323.556 
331.459 350.54 374.28 
372.674 401.519 403.994 
415.928 420.405 431.771 
424.119 418.459 415.555 
405.1 389.864 378.352 
350.798 331.88 290.732 
220.738 142.915 82.0459 
46.7956 28.6307 18.8251 
13.0636 9.45498 7.07326 
5.43477 4.26869 3.41476 
1.08441 1.34226 1.70038 
2.21816 3.00555 4.2834 
6.51694 10.6857 19.1891 
36.3592 61.7051 81.9096 
101.76 121.294 144.966 
168.21 188.024 211.266 
235.953 260.944 281.091 
311.295 327.53 346.75 
367.039 391.501 403.247 
414.351 428.818 447.638 
459.036 466.197 466.612 
481.275 466.998 467.852 
455.028 442.94 422.539 
409.318 372.622 352.38 
308.181 251.404 165.31 
89.5568 48.5195 28.9522 
18.7095 12.8166 9.18159 
6.81831 5.21221 4.07913 
1.21181 1.52654 1.97944 
2.6653 3.77342 5.72492 
9.66891 18.0233 33.6795 
57.4499 78.8532 96.8579 
116.394 137.427 163.322 
187.291 207.323 232.382 
259.236 284.161 300.345 
327.635 346.194 369.568 
392.626 410.273 433.738 
441.858 454.812 475.756 
489.688 502.142 502.585 
506.946 498.331 507.645 
494.258 494.504 488.464 
462.64 421.348 398.528 
368.308 330.264 280.716 
173.843 89.4137 47.459 
28.0676 17.9211 12.1574 
8.66642 6.41997 4.90125 
1.35532 1.7412 2.31937 
3.24358 4.85052 7.94942 
14.8314 30.1744 51.9522 
67.8256 84.4068 107.226 
133 156.581 178.535 
205.754 227.174 255.365 
275.978 300.506 326.773 
355.021 373.521 396.48 
419.971 436.129 463.38 
469.332 490.089 511.156 
517.661 537.916 532.394 
555.862 542.145 555.321 
543.407 527.658 530.4 
517.985 488.575 459.504 
422.027 375.593 354.725 
286.674 165.54 84.8325 
44.9432 25.9349 16.4473 
11.1702 7.98004 5.92424 
1.51666 1.99166 2.73681 
4.00632 6.41291 11.8411 
23.5514 41.6034 62.5099 
81.8222 100.957 124.25 
145.215 166.071 192.926 
217.111 241.78 270.212 
293.987 320.945 346.758 
371.606 401.365 421.27 
444.737 467.07 491.971 
495.089 521.859 541.356 
545.51 576.317 563.891 
579.799 577.819 585.281 
572.602 578.397 565.772 
552.668 525.822 504.313 
480.202 432.168 395.998 
351.18 262.685 154.076 
75.7068 38.8706 22.7796 
14.6126 10.0151 7.20504 
1.69758 2.28424 3.25236 
5.03087 8.82152 18.0447 
36.4026 53.7205 67.9836 
88.6414 110.915 131.519 
156.271 180.562 207.788 
230.342 258.177 286.681 
309.681 341.61 361.619 
389.023 417.911 440.802 
465.254 487.719 506.262 
517.863 548.741 563.563 
582.853 593.1 606.266 
613.165 611.807 624.178 
613.691 616.744 598.162 
597.623 567.787 546.779 
523.254 485.568 455.786 
390.429 333.146 249.674 
130.804 61.1323 32.3228 
19.4243 12.7033 8.821 
1.9 2.62724 3.8951 
6.41216 12.5399 26.0174 
42.6508 58.0353 77.6551 
98.4418 118.72 144.459 
169.735 192.044 218.503 
246.52 274.215 296.077 
331.014 350.412 383.922 
409.803 434.34 463.794 
483.18 517.822 529.085 
537.862 567.808 580.999 
609.135 622.155 622.811 
641.77 640.541 644.094 
643.291 654.407 635.471 
626.75 610.579 586.877 
558.924 529.471 490.802 
441.818 393.599 355.373 
213.568 97.7619 47.1023 
26.3571 16.3195 10.8798 
2.12587 3.0331 4.71706 
8.38945 17.2602 33.3048 
48.4291 63.9834 84.4241 
109.71 127.083 152.086 
176.237 203.98 231.519 
257.572 283.382 312.613 
345.649 371.047 398.205 
427.676 452.081 481.091 
504.722 531.101 554.384 
566.138 596.957 606.664 
634.177 647.656 660.055 
671.138 668.782 676.734 
684.787 670.827 668.876 
656.511 646.924 625.019 
600.625 575.545 538.74 
502.208 423.643 377.697 
288.555 154.498 72.2784 
36.7466 21.2841 13.5296 
2.37559 3.51508 5.83631 
11.3688 23.2338 38.7977 
53.4722 71.1339 89.0075 
115.824 134.267 163.528 
187.798 211.146 240.385 
271.77 295.51 326.998 
355.202 383.47 410.349 
438.714 468.889 495.907 
523.392 551.37 565.62 
577.902 611.087 631.657 
655.725 672.573 678.167 
695.701 698.436 708.828 
702.639 710.416 706.176 
685.005 683.919 651.122 
639.607 597.808 556.101 
537.891 471.075 430.803 
361.64 237.965 113.82 
52.6594 28.2097 16.9692 
2.64766 4.07184 7.32612 
15.3465 28.7261 40.9543 
55.7534 75.5372 97.3762 
120.216 140.61 167.683 
195.651 220.943 250.302 
276.778 307.978 334.345 
363.645 396.892 426.824 
452.138 487.576 513.793 
536.732 567.262 589.072 
607.572 634.033 657.288 
673.908 680.997 701.69 
714.446 717.62 722.946 
726.623 718.875 723.198 
710.183 711.703 675.266 
662.758 635.08 609.224 
563.735 519.062 461.401 
408.427 318.064 173.514 
78.3392 38.0643 21.4773 
2.94196 4.7178 8.922 
18.4407 31.8418 43.3831 
61.3998 83.8525 101.114 
126.648 150.048 176.318 
200.465 233.557 259.066 
288.881 318.822 349.335 
381.713 405.683 440.866 
465.869 498.02 528.074 
552.062 579.911 605.849 
620.995 648.35 668.133 
690.368 707.204 719.781 
734.003 744.845 745.959 
755.191 748.529 750.04 
741.415 731.317 723.518 
692.338 658.038 640.524 
597.447 561.187 492.596 
441.527 365.175 251.349 
119.554 52.9431 27.3853 
3.25176 5.50231 10.7633 
20.7838 33.0962 47.1665 
64.977 85.2701 105.604 
131.469 153.116 184.007 
207.268 236.611 264.839 
294.766 326.934 356.998 
389.694 416.775 451.791 
481.528 514.45 540.502 
563.742 594.151 618.623 
639.045 666.616 691.354 
707.089 726.82 739.258 
749.245 763.813 766.421 
779.837 767.184 768.572 
765.379 755.681 737.707 
706.722 697.005 672.052 
624.124 585.119 531.605 
466.295 392.479 315.618 
172.643 74.0559 34.6595 
3.5537 6.37368 12.8892 
22.5374 34.4237 50.712 
67.9363 89.7669 109.575 
136.406 158.992 188.36 
215.402 243.508 275.478 
303.481 335.801 365.778 
394.577 428.51 461.75 
492.188 518.571 550.696 
577.766 602.878 631.576 
652.697 675.875 697.501 
717.023 733.678 750.447 
766.545 776.987 785.413 
786.996 794.477 789.377 
777.435 771.223 766.373 
732.29 705.206 697.172 
651.807 617.835 558.101 
508.842 430.6 354.518 
223.302 98.8747 42.9387 
3.84945 6.98511 13.7039 
23.514 35.8686 53.2371 
71.4544 93.6458 113.813 
141.002 162.089 191.602 
218.942 251.636 278.288 
312.534 342.543 372.543 
406.903 435.543 470.21 
501.509 531.997 553.728 
585.532 612.854 641.859 
659.191 691.517 708.9 
734.611 749.879 768.73 
785.084 790.598 800.71 
803.919 803.607 806.251 
801.784 789.421 774.614 
769.449 746.869 706.476 
663.659 645.355 597.69 
524.318 449.465 397.576 
289.754 127.119 52.0988 
4.12613 7.52859 14.3568 
24.7509 38.5101 54.0437 
72.5456 93.0748 116.933 
144.049 169.27 196.527 
224.283 257.855 284.048 
318.544 349.634 381.982 
414.583 444.569 478.213 
499.693 541.209 564.122 
594.467 628.489 651.567 
673.677 704.977 723.965 
733.302 760.317 771.005 
795.026 805.843 821.211 
819.06 811.542 828.46 
814.372 821.892 793.76 
781.807 759.095 734.549 
693.868 661.768 607.943 
554.707 477.398 416.09 
314.115 154.42 64.8958 
4.36959 7.99693 14.9038 
25.8927 39.2837 55.8237 
76.5479 97.9239 121.092 
146.441 172.369 199.852 
230.443 258.302 290.085 
321.609 352.924 388.012 
413.387 446.344 481.689 
509.808 545.241 569.204 
607.997 630.769 661.377 
684.805 706.159 733.903 
753.663 774.115 791.994 
812.643 810.239 828.78 
822.151 837.24 839.524 
829.296 808.867 808.091 
780.328 756.492 743.221 
703.473 670.757 629.629 
567.519 508.953 441.953 
355.734 194.691 80.3185 
4.56014 8.4137 15.1532 
25.8666 41.202 58.374 
77.6704 99.7561 121.523 
149.012 175.439 202.907 
233.938 263.536 294.114 
324.57 357.648 390.71 
418.614 455.27 487.769 
516.1 547.484 577.622 
608.635 643.503 663.326 
683.93 714.446 743.001 
757.51 771.863 802.799 
809.527 820.123 832.498 
838.739 846.568 846.585 
840.836 830.712 822.463 
807.111 774.187 763.723 
711.389 698.241 646.512 
587.036 518.02 457.676 
368.982 215.814 93.2634 
4.64084 8.50664 15.4868 
26.9556 41.8607 58.2495 
78.0514 100.096 125.166 
150.296 177.639 206.626 
235.098 265.881 295.678 
330.001 357.206 392.149 
423.793 456.173 494.06 
522.695 549.786 584.015 
617.967 644.044 672.319 
701.527 724.981 749.246 
761.544 779.831 804.32 
816.935 832.516 836.388 
849.62 851.049 851.107 
851.13 837.487 833.35 
818.126 798.84 775.1 
742.821 706.3 651.445 
604.533 546.511 470.479 
399.716 255.334 108.619 
4.68868 8.72444 16.1644 
26.7352 42.1203 59.5331 
79.8421 103.127 124.098 
152.55 179.198 207.322 
237.158 267.003 299.328 
331.135 363.171 397.541 
430.582 460.465 495.187 
527.056 555.758 589.385 
620.452 647.083 678.318 
700.284 728.817 755.303 
773.78 794.542 809.391 
832.913 843.992 848.083 
851.158 856.921 859.588 
854.111 853.253 834.813 
817.28 794.436 767.707 
743.065 711.482 680.309 
603.991 559.47 468.739 
414.653 277.742 119.73 
4.71838 8.73044 16.1192 
27.1115 43.1456 60.6701 
80.4357 103.471 127.058 
152.821 177.665 206.856 
236.771 266.572 300.739 
333.262 367.192 401.106 
429.688 462.271 502.63 
528.166 560.594 594.124 
616.614 648.211 674.972 
700.304 728.529 758.303 
772.264 793.125 808.176 
828.269 839.625 851.164 
857.973 865.301 868.899 
858.865 858.998 847.145 
830.75 809.631 791.211 
767.87 709.307 665.62 
622.113 552.791 478.547 
408.899 283.326 127.005 
4.73087 8.6595 15.9881 
27.7942 42.7833 61.2366 
81.0106 102.097 127.147 
152.74 183.199 209.677 
241.235 271.228 302.928 
331.819 364.765 397.675 
429.014 460.255 497.932 
527.444 561.97 592.453 
622.294 649.784 677.439 
707.564 732.106 754.136 
783.102 801.266 816.926 
832.752 857.019 855.012 
867.256 868.736 868.299 
865.736 857.883 857.576 
836.671 817.302 788.264 
757.322 719.119 667.647 
630.743 567.858 485.266 
406.042 306.153 135.423 
4.72508 8.53692 15.543 
27.5465 41.987 60.0723 
79.7821 104.891 126.26 
153.588 180.092 207.887 
236.757 269.171 298.957 
329.965 363.163 396.609 
427.233 463.545 494.734 
525.757 564.199 595.55 
619.583 653.255 679.906 
703.417 720.383 758.072 
772.607 795.659 809.966 
821.105 843.629 846.907 
856.752 859.592 864.672 
859.315 848.154 836.665 
824.284 806.85 782.4 
751.039 722.834 675.363 
613.04 563.068 468.943 
419.702 295.248 130.915 
4.71617 8.57626 15.7077 
27.4674 43.4189 60.3151 
78.8593 104.327 125.471 
153.476 179.301 206.355 
237.133 267.017 299.398 
334.599 364.074 400.32 
427.514 466.147 497.667 
526.293 566.808 592.49 
618.556 653.591 676.482 
699.271 727.252 761.51 
772.266 799.944 814.722 
826.95 834.193 852.192 
860.241 867.835 872.548 
862.009 864.91 837.487 
831.824 803.73 780.218 
748.567 719.58 677.715 
609.975 568.412 469.885 
408.702 274.622 122.827 
4.72327 8.79553 15.8591 
26.4026 42.2404 59.6209 
79.3124 101.98 122.299 
150.851 176.915 204.982 
234.2 267.596 296.797 
326.832 361.425 396.909 
429.093 465.544 489.078 
525.721 553.88 584.637 
611.629 644.615 674.153 
692.602 731.556 757.071 
775.468 791.621 808.109 
833.693 841.683 857.141 
859.262 868.31 857.34 
859.636 862.254 828.31 
833.419 803.155 765.525 
740.391 701.896 658.277 
610.569 544.01 466.618 
403.902 263.591 114.772 
4.62967 8.54698 15.6789 
26.5067 41.218 59.0744 
78.3879 99.1726 124.856 
151.503 175.489 208.325 
236.594 263.178 299.03 
327.364 360.81 395.746 
425.383 458.104 488.724 
516.355 552.634 586.262 
619.14 645.806 674.414 
699.191 722.61 751.313 
776.71 789.723 804.692 
821.193 840.419 852.342 
864.03 858.52 858.773 
848.536 837.714 834.958 
816.382 795.72 771.633 
738.268 703.449 647.171 
597.921 542.379 453.24 
395.749 256.382 107.202 
4.51357 8.4072 15.5954 
25.6581 40.1014 57.8462 
76.257 99.1581 122.632 
146.646 175.145 201.481 
231.552 262.801 296.049 
323.084 359.53 392.752 
418.184 453.422 484.42 
521.621 555.838 578.529 
616.347 642.627 670.572 
691.075 718.476 745.741 
761.834 788.684 803.833 
820.751 826.521 830.863 
838.218 841.577 845.627 
844.944 837.087 819.791 
801.716 782.953 760.095 
715.822 689.159 645.145 
583.09 526.02 439.586 
378.572 220.885 92.1316 
4.36453 8.28242 15.6943 
24.9555 39.7359 58.3796 
74.9374 96.7483 123.828 
144.96 173.034 199.703 
226.209 257.167 291.358 
320.407 352.49 385.355 
411.764 450.232 481.848 
514.909 545.455 578.143 
613.453 632.367 665.182 
694.056 708.35 740.278 
764.588 780.326 792.762 
809.337 820.326 825.455 
840.748 842.285 832.227 
830.853 822.128 817.553 
800.209 766.81 755.075 
709.985 675.446 635.545 
565.464 499.345 418.981 
342.465 178.798 74.7212 
4.11267 7.61901 14.637 
24.3286 37.4328 53.9882 
73.7518 93.8706 118.311 
140.925 169.838 197.585 
227.584 257.464 286.046 
316.955 348.629 380.624 
416.966 448.484 478.956 
509.405 539.045 563.519 
600.906 630.027 655.73 
672.322 701.992 724.317 
752.587 759.514 779.402 
795.335 803.551 810.298 
814.598 822.287 821.941 
813.923 805.307 789.158 
773.327 748.327 732.872 
686.834 646.109 594.595 
552.699 491.663 414.644 
306.458 145.684 60.54 
3.82633 6.94114 13.6833 
23.5053 36.5493 53.5896 
71.8737 91.3262 115.639 
141.389 166.903 195.487 
222.117 250.256 279.283 
312.194 343.132 374.847 
406.622 434.17 470.492 
503.361 529.528 560.66 
594.451 612.54 640.776 
664.456 696.164 714.198 
736.389 751.507 767.566 
782.617 797.226 800.058 
802.281 803.256 800.96 
808.722 785.136 784.242 
754.713 745.044 705.75 
671.366 634.441 585.367 
537.477 443.963 382.063 
271.876 119.267 49.2379 
3.54229 6.25585 12.5731 
23.0022 35.018 49.7967 
68.4656 87.7721 111.915 
135.685 157.965 185.527 
215.693 244.692 277.141 
310.027 338.696 367.317 
402.786 427.268 463.564 
488.852 517.086 551.254 
578.038 606.175 635.346 
645.239 677.128 696.626 
719.526 737.775 747.942 
767.922 771.124 783.152 
796.301 788.729 790.565 
786.099 772.226 750.125 
746.553 710.605 691.095 
645.777 609.398 550.911 
491.041 427.344 342.068 
199.726 88.2356 39.9019 
3.24492 5.46637 10.8686 
21.1503 32.2604 47.6918 
67.4743 85.7428 106.371 
132.621 155.11 183.825 
210.177 238.863 263.703 
295.199 324.443 356.91 
387.771 413.417 451.755 
476.334 509.203 538.533 
571.65 595.813 613.184 
637.674 675.173 690.096 
709.82 726.156 728.002 
752.022 762.087 763.93 
765.231 775.799 764.948 
759.741 754.652 733.147 
720.888 681.146 658.166 
616.027 584.372 524.053 
472.141 401.284 301.327 
148.819 64.0153 31.8359 
2.9382 4.72454 9.13805 
18.7872 30.6289 43.414 
61.3406 79.923 101.039 
125.392 150.373 175.393 
202.344 233.16 259.551 
292.021 319.588 352.285 
379.688 410.511 441.366 
465.669 495.33 527.198 
550.798 578.937 604.725 
625.848 645.14 670.771 
680.114 707.823 714.828 
733.999 741.232 746.621 
751.588 748.791 746.324 
742.281 727.832 711.706 
687.294 677.677 638.236 
598.639 555.159 501.863 
433.885 348.225 238.932 
109.09 47.4446 25.3092 
2.64375 4.07197 7.28357 
14.8431 27.925 41.7072 
57.6879 77.0233 96.7983 
119.558 142.968 166.735 
195.035 223.5 249.579 
279.074 308.037 335.003 
368.819 399.853 422.815 
455.929 485.496 518.362 
537.573 555.991 581.403 
609.062 635.334 654.451 
678.353 692.644 700.711 
709.536 725.96 728.379 
728.624 727.754 719.161 
715.02 705.98 684.867 
658.406 648.048 584.831 
561.747 507.094 449.451 
391.952 278.32 155.499 
72.9254 35.4398 20.1583 
2.36996 3.50576 5.79224 
11.0955 22.3749 37.9073 
52.9312 70.5116 90.4614 
115.193 136.123 160.711 
188.917 211.765 239.56 
268.995 296.833 326.921 
357.325 377.289 411.313 
440.715 463.387 498.166 
526.912 545.627 571.413 
595.305 610.289 630.84 
644.137 664.099 675.393 
680.943 693.246 698.868 
696.328 702.831 693.331 
677.818 678.493 649.855 
626.524 602.536 562.231 
536.63 473.384 406.671 
363.14 219.237 101.571 
48.721 26.5302 16.0913 
2.11972 3.02671 4.72521 
8.49922 17.7669 33.6636 
46.7143 65.1469 83.8766 
105.174 128.526 151.637 
176.638 204.889 231.995 
260.533 285.427 311.301 
340.411 375.537 399.883 
427.902 448.937 484.752 
497.892 526.251 551.169 
568.775 599.964 608.9 
632.556 650.217 663.371 
660.431 668.107 673.538 
676.13 667.016 669.732 
655.559 636.529 616.746 
593.703 568.195 524.222 
478.424 419.927 362.623 
289.466 154.033 68.4066 
34.4747 20.157 12.9082 
1.89359 2.62166 3.90532 
6.51051 12.6871 25.4294 
42.0065 58.3548 77.2859 
97.732 120.69 143.198 
168.944 191.451 214.431 
244.387 274.433 300.784 
324.172 354.082 379.737 
405.246 433.469 466.289 
483.859 509.318 526.898 
549.409 569.211 582.915 
597.528 619.095 629.167 
629.042 641.024 646.192 
650.035 643.097 626.607 
626.359 603.922 591.101 
554.361 522.687 482.418 
439.111 376.509 318.318 
198.03 94.5901 45.3497 
25.1095 15.5704 10.4272 
1.69029 2.27566 3.24676 
5.04191 8.88645 17.6083 
33.4999 51.4659 68.0428 
87.888 109.66 131.341 
156.881 178.539 209.876 
231.683 257.407 283.164 
313.406 336.766 371.246 
391.275 414.024 439.351 
464.193 489.68 505.306 
532.505 553.944 561.759 
572.762 593.526 600.257 
610.135 610.916 610.009 
607.831 603.455 594.024 
577.494 552.466 556.891 
500.248 485.787 424.657 
394.702 332.332 222.027 
115.521 56.652 30.632 
18.5253 12.1587 8.4765 
1.50833 1.9798 2.71962 
3.9821 6.37669 11.3831 
22.3174 41.929 60.7594 
77.5077 100.711 120.261 
146.35 168.4 191.449 
221.281 240.038 272.6 
295.942 319.657 344.415 
371.792 391.135 420.071 
442.498 467.253 476.638 
500.906 515.74 530.684 
553.088 561.339 572.777 
575.082 578.254 584.168 
577.68 571.257 562.063 
550.41 525.037 504.014 
462.628 429.025 372.148 
334.795 239.385 127.857 
64.6446 35.4624 21.3572 
13.8829 9.58502 6.93074 
1.34634 1.72749 2.29668 
3.20086 4.74697 7.63441 
13.7589 27.2727 50.6314 
71.8681 84.7843 108.295 
130.999 151.13 177.952 
201.502 225.504 253.823 
273.958 298.22 324.97 
352.979 372.858 399.076 
413.891 442.279 454.191 
477.515 502.121 506.093 
522.353 526.347 535.74 
544.085 542.877 540.836 
538.481 525.936 525.549 
495.048 482.993 447.86 
408.119 369.913 341.897 
267.482 147.059 71.8822 
38.9079 23.5795 15.3652 
10.5917 7.63443 5.7012 
1.20272 1.51255 1.9561 
2.62181 3.68043 5.49245 
8.92705 16.6199 32.8012 
54.8594 76.572 94.2303 
114.919 140.452 162.185 
182.587 207.26 232.341 
253.931 283.787 305.521 
329.565 347.825 369.838 
396.897 413.2 426.148 
450.399 458.749 475.256 
482.92 493.065 500.883 
500.959 501.573 510.345 
496.054 481.631 467.379 
445.031 428.704 397.766 
359.116 325.192 248.435 
153.255 79.986 42.3948 
25.2962 16.4798 11.3916 
8.22525 6.14545 4.71963 
1.07569 1.32912 1.67928 
2.18154 2.93619 4.14001 
6.22445 10.2418 18.2665 
34.0981 59.4294 80.7621 
98.8867 120.361 143.041 
165.144 191.845 212.792 
235.692 258.356 276.549 
303.967 321.505 338.905 
371.129 381.006 395.715 
415.736 429.216 441.71 
451.829 462.335 464.046 
466.371 466.671 462.967 
449.819 440.118 432.721 
396.432 368.846 333.105 
303.704 238.15 138.483 
75.5571 43.2819 26.3455 
17.2207 11.9392 8.65504 
6.4896 4.99707 3.93203 
0.963416 1.17196 1.45148 
1.8375 2.39038 3.21915 
4.53331 6.74189 10.7221 
18.5232 33.4898 58.0144 
83.1479 103.138 122.727 
143.266 168.656 189.471 
211.861 229.382 254.316 
278.747 297.027 317.837 
329.074 352.768 373.842 
372.095 404.335 403.23 
411.443 415.296 420.565 
427.262 428.425 411.178 
398.421 388.638 373.087 
337.065 325.837 269.477 
203.753 126.737 70.0146 
40.502 25.7524 17.3057 
12.1614 8.88825 6.70645 
5.19061 4.10109 3.29616 
0.864143 1.0367 1.26195 
1.563 1.97677 2.56472 
3.43299 4.77155 6.93982 
10.6516 17.6438 31.3613 
54.1985 80.4154 104.292 
122.604 140.763 163.315 
184.32 205.475 232.195 
245.083 266.692 285.286 
305.208 316.23 330.639 
345.114 361.012 360.638 
379.303 374.266 381.69 
369.128 365.495 362.32 
347.054 326.442 299.739 
269.24 243.152 166.523 
100.346 60.1605 37.0331 
24.1378 16.6375 11.9591 
8.87813 6.77157 5.28357 
4.20137 3.39428 2.77944 
0.7763 0.919803 1.10282 
1.34057 1.65609 2.08518 
2.68518 3.55101 4.84719 
6.87954 10.2491 16.296 
27.2853 45.0629 71.6947 
101.926 118.292 141.515 
156.81 176.332 195.442 
206.839 239.69 247.299 
263.643 280.215 295.851 
304.441 315.414 321.112 
323.802 317.416 332.831 
322.412 314.515 299.765 
287.206 272.924 242.415 
179.99 122.992 78.2731 
48.0919 31.4618 21.6865 
15.4555 11.377 8.61138 
6.66834 5.2636 4.22346 
3.43694 2.83109 2.35685 
0.698491 0.818406 0.968212 
1.15809 1.40271 1.72365 
2.15344 2.74248 3.5719 
4.77822 6.60001 9.44997 
14.0751 21.991 35.3231 
54.4957 77.7896 106.028 
123.522 149.577 165.695 
182.353 198.269 210.738 
227.115 233.042 250.232 
253.848 266.884 276.72 
276.865 282.762 275.606 
266.041 258.358 245.608 
213.894 172.511 131.908 
87.4365 55.9497 37.4122 
26.021 18.6925 13.8401 
10.4958 8.12504 6.40499 
5.12886 4.16316 3.41973 
2.83866 2.3783 2.00914 
0.629493 0.730152 0.853618 
1.00679 1.19919 1.44422 
1.76101 2.17756 2.73581 
3.50027 4.57164 6.10752 
8.36521 11.7478 16.88 
24.7965 37.4579 55.5446 
75.2748 99.0331 119.106 
149.031 156.621 171.017 
182.276 197.372 206.919 
209.615 214.549 221.263 
214.039 223.901 209.975 
200.273 169.238 138.579 
107.994 78.7643 57.0567 
40.0127 28.4195 20.8553 
15.6854 12.0433 9.41217 
7.46972 6.00818 4.89077 
4.024 3.34269 2.80076 
2.36504 2.01125 1.72141 
0.568232 0.65309 0.755492 
0.880162 1.0334 1.2237 
1.46266 1.76636 2.15742 
2.66805 3.34449 4.25324 
5.49021 7.1908 9.54622 
12.862 17.792 24.9572 
34.1449 45.037 58.3583 
77.1185 95.2158 113.025 
120.347 136.897 150.88 
149.717 150.531 157.81 
141.241 131.059 109.901 
94.6291 78.0455 60.3564 
46.5285 35.3457 27.208 
21.0821 16.3709 12.863 
10.2387 8.24635 6.71171 
5.51445 4.5697 3.81665 
3.21085 2.71933 2.31735 
1.98616 1.7114 1.48198 
0.513768 0.585599 0.671024 
0.773314 0.896691 1.04664 
1.23037 1.45736 1.74028 
2.09605 2.54728 3.12416 
3.8666 4.82692 6.07472 
7.7112 9.87128 12.6236 
15.9782 20.1241 25.6667 
32.8977 41.6757 49.6908 
54.8054 62.1234 67.8249 
68.0723 68.7657 69.196 
63.0253 55.6165 46.819 
39.291 33.4928 27.7371 
22.8337 18.7203 15.3377 
12.5925 10.3506 8.53991 
7.08568 5.91418 4.96499 
4.19118 3.55661 3.03329 
2.59942 2.23784 1.93502 
1.68017 1.4647 1.28171 
0.518034 0.572992 0.634802 
0.704398 0.78284 0.871323 
0.971194 1.08397 1.21134 
1.35514 1.5173 1.69972 
1.90426 2.13218 2.38285 
2.65352 2.9424 3.24425 
3.54244 3.82678 4.09543 
4.33781 4.51411 4.63278 
4.64366 4.6487 4.65977 
4.65477 4.61163 4.59968 
4.55796 4.47608 4.3448 
4.13019 3.84279 3.56563 
3.27148 2.95711 2.65677 
2.38256 2.13192 1.90426 
1.69957 1.51697 1.35475 
1.21087 1.08332 0.970322 
0.870242 0.781601 0.703059 
0.633412 0.57159 0.516647 
0.590925 0.659142 0.737042 
0.826252 0.92871 1.04673 
1.18311 1.34123 1.52527 
1.74037 1.9926 2.28902 
2.63875 3.05243 3.53893 
4.09592 4.73047 5.49594 
6.33258 7.01024 7.59377 
8.06198 8.26078 8.55066 
8.48798 8.52036 8.4105 
8.4112 8.49287 8.56184 
8.41965 8.2767 8.20304 
7.65892 7.03715 6.40087 
5.58858 4.77424 4.09723 
3.53629 3.05339 2.6411 
2.29013 1.99291 1.74072 
1.52551 1.34105 1.18241 
1.0456 0.927282 0.824654 
0.735368 0.657454 0.589264 
0.677728 0.763273 0.862699 
0.978846 1.11527 1.27647 
1.4682 1.698 1.976 
2.31619 2.73728 3.26175 
3.92507 4.78375 5.9108 
7.41161 9.0884 10.8732 
12.7341 13.8218 14.6941 
15.1176 15.2405 15.3265 
15.5157 16.0042 15.4349 
15.2879 16.0312 16.0458 
15.5591 15.0802 15.6809 
14.5895 13.9317 12.8254 
11.0609 9.05556 7.37692 
5.91567 4.80176 3.94161 
3.26578 2.73857 2.31878 
1.97841 1.69911 1.46798 
1.27532 1.11357 0.97688 
0.860633 0.761204 0.67571 
0.78182 0.890278 1.01894 
1.17282 1.35852 1.58488 
1.86398 2.21276 2.65598 
3.23207 4.00338 5.05048 
6.47214 8.60856 11.7205 
15.3697 18.6379 20.9505 
22.4405 23.5238 24.3579 
25.1306 26.7466 26.1711 
26.6439 27.732 27.4903 
27.0208 26.926 26.7069 
26.4468 25.1813 25.2535 
24.3088 23.4943 22.5151 
20.9362 17.9915 15.0696 
11.8639 8.86702 6.54631 
5.04231 4.00534 3.24342 
2.66514 2.21704 1.86468 
1.58361 1.35633 1.17028 
1.01631 0.887686 0.779329 
0.907559 1.04669 1.21571 
1.42357 1.68279 2.01122 
2.43495 2.99349 3.74919 
4.80678 6.37833 8.91271 
12.7136 17.7265 24.12 
28.1553 30.7336 32.8792 
34.1377 37.0673 37.6286 
39.8637 40.2296 42.3426 
42.3333 42.573 42.1226 
41.7025 42.2341 41.7103 
41.7793 40.8056 39.2331 
38.2342 36.5353 34.7457 
32.1771 29.987 27.7138 
24.4628 17.8176 12.4206 
8.77292 6.40653 4.86017 
3.77827 3.00435 2.43668 
2.00922 1.67957 1.42007 
1.21224 1.04336 0.904434 
1.0606 1.24129 1.46697 
1.75387 2.12629 2.62163 
3.29882 4.25524 5.66093 
7.81981 11.3807 17.7147 
26.649 33.594 38.5748 
40.0533 44.1597 47.3718 
50.4537 52.3239 53.7443 
56.588 56.7935 58.9144 
58.5967 59.854 60.5499 
58.7007 59.9633 58.1833 
58.6354 56.7882 56.2184 
56.4699 53.0664 50.377 
47.3111 44.0395 42.17 
38.6092 31.8221 25.3664 
17.5988 11.7828 8.04156 
5.73591 4.27533 3.29876 
2.61656 2.1208 1.74876 
1.46226 1.23695 1.05662 
1.24834 1.48608 1.79269 
2.19808 2.75074 3.5328 
4.68561 6.46161 9.38217 
14.5374 22.8932 33.7968 
44.0934 47.3854 51.9738 
57.0836 62.2916 65.6681 
68.6347 70.9743 74.1434 
75.4544 76.8765 79.6526 
78.4064 79.2673 81.0995 
78.1474 80.8753 78.9311 
78.2733 76.6839 76.0903 
72.8359 69.9862 67.7856 
64.6831 61.0708 57.8733 
53.0085 49.6322 43.791 
34.384 23.8162 15.0484 
9.55548 6.47557 4.66817 
3.51785 2.74083 2.1905 
1.7862 1.48031 1.2432 
1.48052 1.79757 2.22187 
2.80927 3.65826 4.95772 
7.08338 10.7241 17.3925 
29.3224 44.2527 52.4211 
58.8193 64.5904 71.28 
76.6757 79.7031 84.0613 
88.3284 92.2712 94.0668 
98.7807 99.2967 100.109 
101.495 103.9 103.004 
102.008 101.383 102.051 
101.067 99.5947 96.6353 
96.6424 91.2383 89.1445 
84.498 80.5041 75.2464 
71.3746 63.6368 59.2909 
51.8204 43.0814 29.9637 
17.7281 10.6383 6.98447 
4.92052 3.64292 2.79862 
2.21288 1.78978 1.47376 
1.77003 2.19877 2.79751 
3.67212 5.0247 7.27921 
11.5679 20.0244 33.8533 
51.243 62.7439 70.2021 
77.1189 83.6551 91.466 
97.698 101.019 106.199 
111.256 115.334 115.702 
119.923 120.496 122.992 
125.069 125.119 127.239 
124.693 123.658 124.853 
124.25 123.476 119.584 
117.029 111.88 110.715 
105.127 102.245 98.7861 
91.6756 82.2638 76.2666 
69.2224 61.4311 52.7166 
34.4568 19.2581 11.2226 
7.2422 5.01107 3.65797 
2.78478 2.18798 1.76099 
2.13408 2.72214 3.58452 
4.92606 7.17898 11.3327 
19.8664 37.1989 58.5307 
68.2234 75.8645 87.1753 
98.8008 107.299 113.217 
121.065 124.686 131.548 
133.929 137.865 142.152 
146.572 147.164 149.018 
151.054 150.75 153.486 
149.55 150.575 151.896 
148.387 149.185 142.977 
144.953 137.464 136.846 
130.34 123.427 120.922 
115.236 106.41 98.187 
88.7177 77.8074 72.3405 
59.0664 35.9152 19.8532 
11.4295 7.16841 4.90418 
3.56514 2.70669 2.1218 
2.59588 3.41391 4.68209 
6.80744 10.7237 19.2525 
36.3514 58.1444 77.6696 
91.1943 101.085 112.562 
120.421 126.598 135.898 
142.296 148.429 155.668 
159.413 164.469 168.282 
171.604 176.752 177.109 
178.859 180.053 182.099 
176.765 179.136 179.182 
174.632 178.307 169.517 
168.763 163.473 160.858 
153.124 150.775 143.491 
136.944 127.55 119.763 
111.729 99.0419 89.0437 
77.8499 59.1609 36.2991 
19.1654 10.6961 6.76381 
4.65017 3.39126 2.57902 
3.18726 4.34143 6.24183 
9.71345 17.0426 33.8169 
63.7577 84.7807 94.025 
108.305 122.411 131.442 
142.613 151.58 161.756 
166.933 174.628 181.932 
185.295 193.123 194.16 
198.635 203.118 204.911 
206.724 207.835 207.186 
203.925 208.115 206.252 
206.181 202.92 200.818 
197.092 190.829 189.076 
181.084 177.146 167.331 
163.151 151.559 142.692 
133.465 121.467 111.885 
94.6545 80.0971 60.9 
33.485 16.8468 9.61216 
6.19054 4.30874 3.16419 
3.95286 5.60825 8.51447 
14.283 28.2176 56.6921 
83.7043 100.004 117.452 
132.769 143.301 158.041 
169.987 176.928 186.118 
195.307 203.162 206.042 
217.115 217.207 225.661 
228.774 231.086 235.891 
235.185 241.755 237.344 
232.157 236.067 232.983 
235.886 233.179 225.963 
225.777 218.666 213.61 
207.545 205.338 194.541 
187.004 177.878 167.203 
155.731 144.576 131.292 
116.507 102.099 91.0735 
56.1622 27.2798 14.1257 
8.44894 5.56279 3.92158 
4.95465 7.38239 11.9698 
21.995 45.3319 82.467 
105.173 120.712 138.789 
160.471 167.167 180.928 
191.094 203.784 214.675 
221.822 228.179 236.506 
246.233 250.005 254.186 
259.654 261.678 265.952 
267.25 269.588 270.275 
265.679 269.431 264.426 
266.919 263.629 260.25 
256.546 248.155 244.039 
239.722 228.643 222.212 
212.598 204.431 192.858 
181.274 170.051 155.84 
142.881 118.629 104.093 
79.9846 44.3437 21.9503 
11.8902 7.31346 4.91307 
6.27158 9.90471 17.6617 
36.0299 71.8633 108.197 
126.39 145.198 158.705 
183.142 190.304 209.914 
220.736 228.279 240.567 
252.795 257.149 267.117 
273.62 279.515 283.376 
288.06 293.461 296.25 
299.156 302.309 297.995 
293.265 298.139 297.734 
298.151 296.101 289.028 
287.218 280.091 275.937 
265.812 261.594 253.152 
239.496 233.164 216.878 
208.228 190.471 173.566 
164.505 141.852 127.37 
106.097 70.7533 35.2163 
17.2697 9.80156 6.22403 
8.01208 13.4577 26.7532 
58.8368 103.234 124.988 
141.814 165.205 186.961 
204.503 214.443 231.602 
246.857 256.621 268.757 
276.909 287.985 293.67 
300.757 310.382 316.475 
318.859 327.709 330.013 
329.744 334.131 333.401 
330.97 332.442 332.661 
329.502 321.876 321.201 
317.22 308.977 302.247 
295.399 284.479 278.482 
266.615 260.509 241.659 
231.4 216.903 203.712 
184.717 167.096 145.761 
127.241 98.7552 55.2039 
26.1189 13.4147 7.97646 
10.3511 18.6456 39.1285 
81.9537 126.138 142.565 
167.728 197.9 207.952 
230.358 244.541 260.309 
270.327 289.978 297.771 
309.231 318.684 328.095 
337.641 339.308 349.807 
351.461 358.038 362.559 
362.583 365.412 366.644 
361.782 363.674 361.659 
360.702 357.353 352.138 
347.954 342.801 333.378 
328.151 316.437 308.587 
297.523 285.825 276.311 
258.146 239.992 228.514 
208.792 192.237 165.995 
146.074 119.375 82.6999 
40.6798 18.9606 10.3229 
13.4621 26.8142 58.0454 
106.936 142.198 165.813 
190.007 214.489 230.927 
254.802 266.201 289.751 
298.031 312.73 324.116 
335.831 348.279 357.195 
366.894 371.505 381.571 
386.663 393.872 395.307 
394.54 398.602 398.866 
396.418 398.129 398.441 
393.247 391.345 385.231 
378.511 374.346 364.877 
360.53 345.353 336.537 
326.697 314.809 300.151 
280.495 270.33 255.127 
232.146 213.082 190.136 
163.984 136.191 108.624 
60.4669 27.0356 13.3114 
17.4054 38.3974 85.816 
132.076 157.847 189.756 
211.792 240.337 254.998 
280.39 293.833 314.814 
328.5 342.06 357.891 
367.066 379.599 388.316 
394.578 405.105 413.917 
419.723 421.249 427.033 
429.027 429.46 432.019 
429.611 428.485 426.272 
423.662 419.097 414.823 
410.929 403.758 396.607 
386.054 379.382 366.987 
352.098 340.339 329.913 
308.249 290.077 280.269 
256.431 238.198 211.172 
189.148 157.458 128.123 
81.3804 37.1205 16.887 
22.6521 50.866 104.339 
147.889 175.301 212.185 
236.654 264.967 280.164 
307.51 316.492 338.684 
353.598 373.574 382.019 
399.882 409.245 418.112 
430.197 435.625 446.011 
452.155 457.191 454.538 
460.047 461.742 464.404 
458.736 463.51 458.579 
458.841 453.244 449.7 
445.17 434.861 427.418 
417.2 405.63 396.328 
383.889 368.782 352.677 
342.27 324.636 300.188 
276 262.689 238.833 
205.851 173.458 150.853 
109.6 49.2463 21.0852 
29.2637 66.8617 126.325 
165.647 201.597 227.679 
253.941 277.3 303.656 
331.042 348.331 366.346 
381.768 403.687 411.607 
429.639 440.515 452.123 
462.142 468.904 478.391 
475.191 490.145 488.219 
492.223 499.234 496.823 
494.434 498.144 493.842 
483.032 484.4 475.448 
475.205 467.052 462.378 
448.176 431.904 429.346 
411.198 404.257 381.158 
366.402 347.691 328.939 
304.282 283.987 255.674 
229.045 193.865 166.089 
124.616 62.2217 27.031 
36.9425 84.6368 147.115 
185.972 216.977 246.667 
282.323 308.22 331.092 
354.834 373.205 391.693 
413.04 425.308 442.234 
456.161 467.881 482.886 
485.143 495.3 506.451 
509.926 519.656 518.184 
529.727 527.159 530.536 
528.749 524.955 526.683 
522.142 518.626 513.724 
510.895 494.279 490.878 
473.066 468.796 457.302 
440.264 418.691 408.007 
384.712 364.166 350.009 
324.138 302.598 278.119 
245.959 216.676 185.096 
147.197 81.1601 34.4011 
45.0796 104.601 166.563 
196.151 238.07 272.723 
300.865 330.129 348.825 
378.287 398.524 417.405 
439.53 455.202 470.17 
482.789 497.627 510.664 
514.97 529.854 538.383 
541.549 547.369 551.908 
556.309 563.942 558.488 
553.959 557.449 559.231 
550.781 542.697 546.239 
533.981 524.746 517.237 
506.483 497.018 483.856 
468.157 450.779 435.479 
417.063 391.186 377.12 
343.759 330.001 299.523 
266.722 231.199 200.609 
159.675 93.6223 41.3027 
52.0666 116.979 177.667 
216.28 255.966 285.825 
316.951 345.571 376.599 
399.464 422.501 445.622 
462.406 481.111 495.006 
514.091 520.459 535.973 
546.058 556.004 570.865 
574.187 575.63 583.995 
591.45 591.144 592.795 
594.801 592.25 590.39 
579.672 574.072 573.062 
564.142 557.509 544.21 
536.979 523.391 509.424 
496.397 475.829 461.823 
442.602 422.375 400.382 
375.528 349.196 315.638 
286.967 255.053 215.343 
180.526 115.232 49.7721 
59.2635 134.347 199.481 
226.43 269.554 304.655 
338.588 372.461 389.822 
424.026 445.933 466.404 
487.317 504.447 523.61 
538.589 552.609 567.823 
579.844 586.061 597.986 
604.774 607.816 615.897 
620.511 620.399 624.699 
620.556 621.795 621.756 
615.291 611.028 602.285 
600.915 590.715 576.482 
561.81 550.212 537.291 
519.883 506.437 483.34 
462.003 438.751 414.204 
392.418 367.485 344.273 
299.549 272.231 223.934 
194.792 129.899 56.7327 
64.8916 142.866 207.719 
240.375 288.16 325.004 
355.945 389.639 416.852 
443.08 460.615 485.441 
507.433 525.491 548.603 
565.632 582.761 597.902 
603.319 613.946 632.834 
632.33 639.657 647.689 
643.028 648.302 648.398 
647.169 648.466 651.258 
640.534 636.015 627.556 
623.221 612.626 603.04 
590.678 579.634 566.345 
545.676 531.571 511.507 
489.545 466.029 445.126 
422.446 381.787 350.839 
321.735 280.454 238.55 
200.243 137.956 62.4074 
70.3013 153.485 213.494 
257.641 297.206 340.671 
374.205 400.309 433.538 
460.719 494.628 512.453 
538.149 556.736 575.082 
586.618 602.703 617.207 
627.149 636.22 652.411 
657.157 667.645 672.094 
675.659 676.592 677.297 
680.552 678.34 674.116 
676.007 668.885 660.326 
652.345 650.964 630.683 
621.825 605.592 589.013 
572.254 552.77 539.12 
513.197 489.652 461.504 
433.413 403.32 366.665 
339.087 299.689 251.383 
206.823 154.365 68.7813 
75.1784 165.767 215.135 
261.906 303.318 346.522 
381.002 427.194 447.735 
481.636 505.552 528.298 
549.438 574.241 589.765 
605.657 623.873 639.815 
649.144 666.168 674.017 
681.287 696.761 702.324 
699.428 707.073 706.83 
703.66 693.748 704.561 
693.219 690.783 680.674 
668.644 666.307 649.732 
638.431 623.039 610.197 
590.481 568.13 546.411 
525.769 502.535 476.048 
446.959 420.892 385.139 
342.356 308.694 252.365 
221.996 154.647 68.877 
73.0497 160.263 224.528 
271.265 325.072 363.385 
391.045 440.674 462.339 
499.045 522.793 543.834 
570.807 591.363 612.792 
637.773 649.206 670.062 
674.481 695.229 703.784 
707.912 726.534 725.619 
724.623 734.63 729.827 
725.801 727.221 734.604 
719.469 720.927 710.64 
699.354 683.96 678.523 
665.266 652.841 638.867 
614.866 601.373 567.803 
550.585 519.433 492.606 
462.29 434.957 401.094 
353.796 323.068 262.566 
224.321 149.246 67.004 
70.8892 164.424 241.2 
269.685 324.835 370.818 
407.792 447.389 466.306 
507.791 533.142 560.375 
584.134 613.791 630.411 
645.648 667.891 688.511 
701.942 719.977 717.164 
733.062 736.359 742.122 
743.019 750.521 754.307 
745.465 758.714 757.305 
749.026 739.412 730.873 
730.6 715.437 707.266 
688.933 677.033 650.843 
635.688 621.214 582.231 
571.669 537.982 501.095 
474.073 439.726 403.687 
366.811 320.675 269.834 
229.52 148.777 64.9706 
64.7915 148.757 233.408 
278.926 328.245 378.881 
417.331 449.357 492.065 
528.033 547.377 589.392 
611.264 625.045 657.131 
669.825 690.131 711.026 
720.346 733.082 742.227 
745.318 760.116 770.049 
778.441 778.815 781.017 
779.259 775.562 777.699 
776.77 764.049 753.228 
744.953 739.288 728.238 
717.048 693.137 675.044 
649.486 624.766 607.377 
579.694 551.676 522.875 
489.149 456.007 410.961 
371.87 331.156 271.451 
232.698 149.609 62.739 
58.313 137.235 232.729 
277.62 327.51 383.14 
418.241 463.82 500.182 
527.829 565.821 588.809 
618.188 645.629 672.69 
683.39 711.601 729.851 
731.652 750.757 760.169 
778.431 790.772 786.353 
801.982 801.46 803.6 
796.299 797.003 798.879 
787.902 788.605 778.007 
769.86 752.088 734.087 
719.509 702.528 686.987 
668.631 645.857 616.797 
588.668 561.514 532.839 
490.632 462.056 423.624 
375.109 331.788 272.136 
230.138 133.207 55.6753 
51.8288 127.58 239.195 
279.072 333.811 398.863 
423.651 467.131 520.999 
539.535 576.585 602.488 
623.629 652.084 683.356 
699.935 720.376 739.5 
744.445 769.321 781.132 
793.844 801.595 811.431 
824.161 814.634 822.786 
826.105 812.134 818.848 
817.003 805.954 792.956 
784.146 771.204 753.139 
745.552 726.407 698.49 
679.292 655.036 635.238 
607.213 567.904 546.548 
502.649 467.869 430.885 
375.78 325.27 267.907 
215.402 111.702 46.7259 
43.5515 103.991 206.036 
272.805 323.934 374.285 
428.759 467.441 512.71 
540.205 583.194 615.182 
647.184 673.731 692.744 
713.998 735.032 753.267 
777.809 791.488 801.708 
810.486 817.212 816.106 
832.842 837.485 837.166 
825.488 830.602 826.692 
829.377 809.554 804.291 
795.297 779.366 763.266 
745.467 731.684 711.768 
686.686 662.135 633.035 
605.309 572.158 547.489 
501.631 461.77 416.099 
379.025 330.303 273.335 
199.256 94.2339 39.1773 
35.732 83.5035 180.608 
262.008 323.281 383.59 
429.963 466.854 515.166 
558.851 590.667 627.806 
650.789 674.129 696.958 
725.358 745.037 765.124 
781.986 789.696 811.506 
825.448 827.405 836.982 
849.689 839.289 843.088 
841.06 849.447 840.224 
836.729 825.642 816.694 
806.826 797.1 776.817 
756.954 736.948 715.163 
703.107 665.553 648.114 
609.255 587.039 543.3 
505.322 467.214 422.322 
379.741 307.744 259.722 
182.49 79.6853 32.9132 
29.6049 66.7602 153.372 
257.047 317.804 363.195 
419.919 460.073 513.127 
551.417 574.681 612.155 
649.479 678.365 711.76 
742.138 757.942 771.904 
797.352 800.112 823.639 
825.045 832.292 847.61 
851.071 855.284 860.993 
841.689 850.532 844.033 
841.995 835.188 819.352 
815.541 794.226 783.166 
773.746 745.394 727.19 
704.03 674.294 638.612 
620.398 576.826 547.954 
500.788 462.165 409.366 
357.2 305.053 239.97 
138.243 60.7599 27.505 
24.3885 50.3978 117.396 
230.719 294.615 353.427 
424.842 462.451 500.188 
553.13 580.91 623.698 
651.259 681.541 696.453 
726.539 746.606 771.605 
789.847 796.479 825.012 
827.271 843.599 852.177 
865.875 865.44 855.079 
855.784 872.662 860.883 
854.906 845.979 820.942 
821.542 807.658 786.153 
765.316 754.576 724.056 
700.257 678.08 642.761 
616.522 569.054 536.822 
491.909 456.327 400.833 
353.761 294.589 217.593 
106.449 45.5278 22.6157 
19.8442 37.9223 88.0568 
194.183 281.261 328.232 
391.209 439.442 486.955 
536.097 577.759 610.606 
644.686 683.225 704.51 
738.663 756.219 782.727 
795.468 813.018 829.084 
832.02 843.81 857.768 
857.658 864.336 867.328 
863.782 857.706 860.205 
842.404 847.612 828.805 
824.891 807.814 790.008 
772.994 748.736 726.17 
703.858 672.4 641.287 
604.181 582.072 535.417 
491.411 445.705 394.44 
334.255 263.045 177.647 
80.4162 34.7982 18.5161 
16.1398 28.8723 60.9863 
136.809 247.835 321.246 
376.233 432.764 478.516 
524.574 562.868 595.54 
637.685 672.279 696.163 
724.534 748.368 764.309 
793.586 813.594 816.243 
836.524 849.503 866.597 
859.934 852.727 856.43 
863.293 867.925 862.014 
863.325 852.352 834.849 
819.204 813.2 791.769 
769.74 747.776 719.178 
696.442 670.225 634.071 
595.005 571.959 504.443 
473.834 418.477 362.762 
310.408 216.59 119.052 
55.3233 26.7655 15.1711 
13.163 22.0849 41.6327 
88.7388 184.473 291.147 
350.131 403.754 456.115 
517.255 548.765 588.666 
633.184 653.859 685.285 
716.357 740.136 765.627 
789.549 787.656 814.574 
830.262 832.195 854.913 
865.004 859.37 864.51 
866.524 855.767 853.212 
841.7 839.165 826.14 
807.099 797.218 780.049 
755.368 741.247 712.091 
677.712 660.936 617.75 
581.481 545.915 497.766 
464.318 401.097 337.016 
295.282 175.745 80.2982 
38.1082 20.6171 12.4446 
10.7821 17.1179 29.8705 
60.0755 136.298 256.684 
311.342 378.433 431.231 
482.401 530.102 568.596 
605.846 647.386 680.407 
712.359 729.551 747.084 
770.426 804.359 812.825 
826.458 827.293 853.338 
838.935 850.207 855.533 
848.944 863.046 845.08 
848.081 842.644 832.494 
803.274 788.196 771.289 
752.441 721.937 705.216 
672.592 636.543 601.486 
564.931 527.881 476.404 
425.038 365.099 308.675 
241.606 126.778 55.6412 
27.7621 16.1027 10.2472 
8.88436 13.4722 22.142 
40.9683 87.7452 181.023 
280.785 343.67 404.123 
456.916 509.088 548.934 
593.392 619.898 643.867 
683.123 718.879 739.799 
752.096 777.648 790.729 
802.285 818.533 841.144 
836.132 843.785 838.212 
841.153 839.485 829.263 
821.265 823.04 809.13 
784.43 775.054 758.862 
741.704 713.637 676.632 
659.013 619.387 591.079 
540.845 498.026 449.081 
399.936 335.671 277.699 
169.701 79.8951 37.8635 
20.7616 12.7639 8.48524 
7.36199 10.72 16.6482 
28.2755 54.4412 114.4 
215.847 304.72 360.936 
417.621 470.826 514.09 
562.418 590.553 645.215 
663.324 689.64 712.962 
744.848 757.058 791.934 
794.23 800.673 811.984 
821.528 830.582 823.822 
835.042 837.203 819.009 
806.37 808.147 790.873 
779.756 757.062 734.316 
710.528 686.13 657.52 
622.5 580.197 570.418 
500.356 474.341 405.279 
368.208 303.849 198.619 
101.508 49.0863 26.2322 
15.7008 10.2105 7.06079 
6.13119 8.60643 12.7038 
20.0645 34.6548 65.7751 
131.998 242.314 325.312 
373.674 440.774 479.769 
536.071 569.644 600.933 
647.697 658.291 702.447 
719.854 735.541 752.094 
771.698 774.275 794.547 
801.759 811.615 795.633 
804.462 798.086 791.886 
797.356 782.623 773.164 
752.523 733.76 719.834 
691.493 665.213 636.833 
607.541 564.936 528.752 
473.612 428.922 363.82 
320.189 224.265 117.352 
58.261 31.5012 18.7365 
12.0455 8.23459 5.90193 
5.132 6.97226 9.84488 
14.6002 23.0015 38.968 
73.1161 146.941 265.695 
353.693 376.347 438.608 
489.023 521.344 570.156 
602.092 632.51 669.16 
680.518 701.396 725.748 
749.769 755.109 772.212 
767.362 785.959 775.393 
784.368 794.869 773.333 
770.79 751.055 740.026 
728.576 705.003 682.046 
659.548 626.635 609.592 
559.426 531.718 481.015 
427.762 378.373 341.621 
261.883 141.176 67.6231 
35.9473 21.4529 13.7938 
9.39647 6.70152 4.9572 
4.31858 5.70161 7.75426 
10.9375 16.1366 25.2075 
42.6398 82.196 163.995 
264.107 343.821 388.452 
435.488 493.594 530.18 
556.825 592.853 625.356 
643.944 682.126 697.198 
715.575 720.7 731.45 
752.391 750.773 743.98 
756.876 742.767 742.028 
729.154 719.569 707.533 
685.886 665.842 657.875 
621.635 587.072 554.329 
514.011 482.535 436.444 
384.786 340.446 253.67 
153.108 78.4151 40.7829 
23.9094 15.3317 10.45 
7.45142 5.50511 4.18536 
3.65406 4.70598 6.20295 
8.4086 11.8004 17.3186 
27.0471 46.1365 83.9708 
155.663 263.196 335.551 
380.922 429.382 475.453 
512.926 560.176 584.092 
610.265 634.542 644.673 
673.791 680.129 684.775 
718.327 707.79 705.804 
713.353 710.725 704.912 
696.736 689.296 669.931 
652.817 633.466 609.996 
575.929 548.107 524.633 
468.041 424.664 373.843 
332.236 254.582 144.634 
77.0889 43.2818 25.8608 
16.6133 11.3362 8.10031 
5.99521 4.56254 3.55225 
3.10855 3.91802 5.02977 
6.59966 8.89359 12.3944 
18.0338 27.5956 44.7997 
78.2901 140.349 235.858 
322.161 372.888 414.256 
452.409 500.803 529.462 
559.464 574.054 604.824 
630.751 641.473 655.859 
650.321 668.656 681.436 
652.096 682.966 657.092 
648.367 632.677 620.162 
610.698 593.691 553.748 
521.226 494.3 461.996 
406.123 382.847 308.87 
227.226 138.016 74.55 
42.1515 26.2453 17.3078 
11.9541 8.59855 6.39385 
4.8833 3.8119 3.03022 
2.6582 3.28777 4.12623 
5.2676 6.86237 9.16128 
12.595 17.9207 26.5451 
41.1937 68.4586 121.064 
204.755 290.619 356.21 
393.987 424.316 464.451 
495.308 523.813 562.809 
565.186 587.091 600.257 
615.391 611.861 614.299 
617.465 622.585 599.802 
609.611 581.778 575.062 
538.482 516.974 497.842 
463.182 423.785 378.709 
330.91 290.888 194.414 
113.942 66.6233 40.0798 
25.553 17.253 12.1692 
8.87871 6.66464 5.12425 
4.02011 3.20797 2.59737 
2.28425 2.77862 3.41948 
4.26439 5.40025 6.96161 
9.16188 12.3492 17.1173 
24.5574 36.7988 58.6009 
97.5132 157.398 241.618 
329.408 360.97 408.569 
428.259 456.994 481.727 
485.263 537.078 530.499 
541.233 552.241 560.913 
555.277 554.382 545.027 
530.652 502.856 510.888 
479.521 453.94 420.074 
390.818 361.078 312.433 
225.451 149.467 92.6741 
55.484 35.375 23.8214 
16.6129 11.984 8.9025 
6.77556 5.26348 4.16153 
3.3408 2.71767 2.23652 
1.97199 2.36361 2.85932 
3.49491 4.32172 5.41471 
6.88555 8.90509 11.7449 
15.858 22.0299 31.5854 
46.8377 72.4421 114.25 
171.416 235.063 307.651 
340.904 393.19 414.423 
436.216 452.119 459.979 
475.1 467.731 482.857 
471.252 477.627 478.28 
462.381 456.653 431.432 
403.069 379.567 350.653 
296.267 231.46 172.079 
110.952 68.9349 44.8309 
30.3849 21.2963 15.4092 
11.4389 8.68085 6.71785 
5.28792 4.22455 3.41938 
2.7999 2.31641 1.93417 
1.70984 2.02261 2.41023 
2.89532 3.50889 4.29407 
5.31177 6.6499 8.43862 
10.876 14.2663 19.0724 
26.0325 36.2579 51.3892 
74.084 109.332 157.759 
205.86 260.274 298.969 
360.233 362.387 378.584 
386.517 402.381 406.392 
396.087 390.639 388.707 
363.429 367.551 333.748 
307.776 252.236 199.999 
151.002 106.719 75.0599 
51.1959 35.3459 25.2461 
18.5115 13.878 10.6061 
8.24327 6.50238 5.19769 
4.20467 3.43812 2.83875 
2.36464 1.9856 1.6796 
1.48867 1.74036 2.04649 
2.42155 2.88465 3.46125 
4.18562 5.10461 6.28315 
7.81234 9.82012 12.4856 
16.0586 20.8764 27.3936 
36.3342 49.3734 67.8806 
90.4148 115.45 144.117 
184.225 219.591 251.271 
256.781 280.894 299.341 
285.773 276.707 280.21 
242.673 217.245 175.871 
146.189 116.953 87.5617 
65.3633 48.1577 35.992 
27.1258 20.5057 15.7009 
12.1954 9.59825 7.64442 
6.15428 5.00362 4.10515 
3.3964 2.83197 2.37845 
2.01102 1.71102 1.46428 
1.30118 1.50516 1.74914 
2.04252 2.39729 2.82876 
3.3567 4.00678 4.81253 
5.81788 7.08004 8.67286 
10.6903 13.2497 16.5013 
20.6657 26.0342 32.6544 
40.3564 49.4485 61.3083 
76.4043 94.081 108.756 
115.61 126.403 133.572 
129.26 125.883 122.546 
108.054 92.1005 74.8733 
60.6865 50.1164 40.2344 
32.1188 25.5703 20.3664 
16.2775 13.0396 10.4965 
8.50712 6.94454 5.70894 
4.72486 3.93563 3.29842 
2.78065 2.35734 2.00919 
1.72121 1.48167 1.28136 
