993681 0.120066 1.0819e+06 
0.159047 1.18667e+06 0.214786 
1.27783e+06 0.296416 1.35269e+06 
0.419194 1.4307e+06 0.608992 
1.5151e+06 0.910452 1.61203e+06 
1.39189 1.69551e+06 2.17168 
1.77179e+06 3.31946 1.81689e+06 
5.12468 1.89936e+06 7.01253 
1.95969e+06 8.21311 2.04088e+06 
8.49122 2.07228e+06 7.26707 
2.10909e+06 5.97426 2.1562e+06 
4.18337 2.19611e+06 2.71047 
2.21387e+06 1.76175 2.2171e+06 
1.12635 2.23732e+06 0.742588 
2.22127e+06 0.503355 2.21024e+06 
0.351055 2.16611e+06 0.251293 
2.14411e+06 0.184059 2.05467e+06 
0.137609 2.03053e+06 0.104785 
1.9008e+06 0.138683 1.8059e+06 
0.188181 1.67324e+06 0.261987 
1.53173e+06 0.375969 1.34525e+06 
0.559666 1.12136e+06 0.869885 
857964 1.42454 404259 
2.44393 159239 4.48323 
-58293.4 7.76588 -21586 
12.0462 11926.9 16.1456 
48843 18.0975 90736 
18.6456 141829 16.1058 
195303 13.8162 253925 
9.8596 324475 6.12459 
400308 3.34209 481809 
1.86242 550707 1.10793 
635762 0.693692 714084 
0.456102 793011 0.312203 
874297 0.220893 982747 
0.160733 1.06316e+06 0.119791 
1.15546e+06 0.161076 1.24584e+06 
0.224663 1.33173e+06 0.324206 
1.4093e+06 0.487977 1.49836e+06 
0.775582 1.59496e+06 1.3193 
1.65359e+06 2.45161 1.73344e+06 
5.12373 1.79064e+06 10.1281 
1.89716e+06 16.6268 1.94175e+06 
21.4111 1.99502e+06 23.6669 
2.04766e+06 24.9826 2.08626e+06 
23.8251 2.12604e+06 24.4963 
2.16475e+06 22.1031 2.15045e+06 
19.0152 2.1813e+06 13.8706 
2.1795e+06 7.39314 2.15226e+06 
3.49819 2.17357e+06 1.79106 
2.10831e+06 1.00223 2.09953e+06 
0.610366 2.02518e+06 0.395054 
1.92128e+06 0.268119 1.84533e+06 
0.189065 1.72927e+06 0.137537 
1.6373e+06 0.188209 1.47252e+06 
0.270955 1.24305e+06 0.408132 
1.05498e+06 0.651713 771983 
1.12769 329308 2.17967 
127097 4.82956 -48107.9 
11.5585 -18359 19.0422 
10994.3 23.4136 47649.4 
25.9701 84512.8 27.5722 
131566 29.5316 187255 
28.838 247580 28.4314 
310843 26.2158 381086 
24.6385 451464 22.0157 
523286 15.1993 611859 
7.70029 697903 3.23635 
798028 1.54167 868789 
0.848469 968005 0.511107 
1.03392e+06 0.329712 1.1297e+06 
0.224115 1.23349e+06 0.158629 
1.28814e+06 0.221338 1.39244e+06 
0.330576 1.47615e+06 0.524496 
1.54912e+06 0.902674 1.62541e+06 
1.74382 1.70402e+06 4.11537 
1.75927e+06 10.4509 1.83472e+06 
20.1671 1.87923e+06 25.4173 
1.95257e+06 29.1528 1.99927e+06 
31.567 2.03521e+06 33.9105 
2.09056e+06 34.607 2.11115e+06 
33.9742 2.13535e+06 33.7599 
2.13477e+06 32.4435 2.1435e+06 
29.9103 2.12393e+06 26.9942 
2.11404e+06 22.1051 2.07141e+06 
16.14 2.00032e+06 6.53039 
1.98746e+06 2.58482 1.86744e+06 
1.24005 1.82602e+06 0.679427 
1.64497e+06 0.411628 1.54937e+06 
0.267944 1.32532e+06 0.183836 
1.17085e+06 0.262118 979430 
0.408643 547758 0.691242 
233659 1.31136 100475 
2.93134 -39296.3 8.48746 
-15717.6 19.2377 8891.92 
24.5108 44210.2 29.4872 
80248 33.3378 127381 
36.3834 182957 37.9319 
240015 38.6391 298375 
38.2104 373338 37.6354 
438953 36.4197 515735 
35.9281 589819 31.6032 
676245 27.289 764389 
23.2137 839854 13.3123 
928927 4.93913 1.01003e+06 
1.93521 1.10215e+06 0.933697 
1.18138e+06 0.523056 1.25637e+06 
0.3234 1.36675e+06 0.214128 
1.4417e+06 0.312743 1.53289e+06 
0.512708 1.59106e+06 0.939669 
1.64962e+06 2.02809 1.71607e+06 
5.58406 1.81308e+06 15.7639 
1.86923e+06 23.9723 1.90764e+06 
29.3915 1.97559e+06 34.3569 
1.98379e+06 37.4987 2.01742e+06 
39.9989 2.06898e+06 42.4489 
2.06501e+06 42.3898 2.08754e+06 
42.0166 2.08438e+06 41.9054 
2.07459e+06 40.8854 2.03395e+06 
38.4638 2.02896e+06 35.7402 
1.96372e+06 31.7352 1.89616e+06 
26.892 1.76453e+06 21.3167 
1.74163e+06 10.079 1.58844e+06 
3.29732 1.43845e+06 1.33658 
1.29539e+06 0.678714 1.09087e+06 
0.394481 812617 0.250736 
396971 0.376148 165706 
0.654124 78063.3 1.32577 
-31934.8 3.40612 -13505.2 
11.2461 6010.92 22.4332 
37699.8 28.3763 77095.3 
34.187 114730 37.8166 
165506 41.6524 224620 
44.8728 282498 45.617 
352889 47.2292 422969 
46.5233 502910 46.4762 
569371 45.3288 653608 
43.7463 734345 40.2663 
816489 36.0253 905841 
31.4086 990286 25.8406 
1.06257e+06 17.577 1.15148e+06 
6.15588 1.23722e+06 2.01453 
1.32197e+06 0.903232 1.41079e+06 
0.486882 1.47702e+06 0.295229 
1.57319e+06 0.456311 1.63257e+06 
0.850519 1.69089e+06 1.94451 
1.74729e+06 6.37565 1.81848e+06 
18.7956 1.85285e+06 26.8067 
1.90831e+06 32.2888 1.9371e+06 
38.0995 1.96325e+06 41.6243 
1.99012e+06 45.4569 2.03733e+06 
47.2921 2.00283e+06 48.6906 
2.01077e+06 49.5688 2.02035e+06 
49.5218 1.9552e+06 49.4833 
1.92695e+06 48.6962 1.87475e+06 
46.1918 1.80987e+06 43.6197 
1.72278e+06 40.1649 1.64455e+06 
35.5246 1.49491e+06 29.3463 
1.36173e+06 22.9836 1.20908e+06 
11.6781 951140 3.25089 
641376 1.23955 288052 
0.608766 121619 0.349607 
60808.2 0.558667 -25857.9 
1.13028 -11520.6 2.99658 
2982.49 11.607 26544.7 
22.8156 66008.3 29.6497 
108513 36.9592 154966 
41.8928 210413 45.8229 
268564 48.122 333468 
51.3544 410553 52.2518 
473390 52.6634 547548 
52.6566 640103 53.0532 
710307 52.1046 793276 
50.677 870587 47.6316 
958012 42.8437 1.04005e+06 
39.6835 1.13496e+06 33.8004 
1.20081e+06 26.1675 1.28856e+06 
19.0762 1.37189e+06 5.70942 
1.42694e+06 1.7608 1.48805e+06 
0.771905 1.567e+06 0.416435 
1.63954e+06 0.690706 1.70386e+06 
1.54018 1.76161e+06 5.01762 
1.80877e+06 17.04 1.8619e+06 
27.7687 1.89971e+06 34.6446 
1.91627e+06 39.2165 1.94468e+06 
44.3525 1.95769e+06 48.5399 
1.94861e+06 51.3941 1.96424e+06 
53.804 1.9344e+06 55.3972 
1.88972e+06 56.3406 1.88337e+06 
55.7374 1.81756e+06 56.1543 
1.73005e+06 55.7965 1.63623e+06 
52.8098 1.56573e+06 50.1143 
1.41585e+06 46.8904 1.22435e+06 
42.3411 1.08672e+06 36.9917 
777735 30.1101 408238 
23.3681 185997 10.1079 
88585 2.59824 47270 
0.993379 -20878.9 0.499064 
-9771.4 0.863004 1104.78 
2.15587 18441.2 8.57506 
53060.6 23.2266 99581.5 
30.1176 142561 36.8027 
200577 42.6392 250352 
47.1372 313866 51.5449 
384557 54.7209 452151 
56.28 532409 57.9124 
602723 58.8364 673438 
58.1878 760844 58.5918 
847018 57.3883 934492 
55.6937 997989 53.4427 
1.08443e+06 49.8925 1.15725e+06 
45.8218 1.23355e+06 40.0199 
1.33762e+06 33.8068 1.38359e+06 
25.9589 1.45308e+06 16.0804 
1.52567e+06 4.04146 1.59084e+06 
1.29804 1.65337e+06 0.602036 
1.68633e+06 1.09164 1.74761e+06 
3.09051 1.80888e+06 13.7281 
1.82807e+06 25.3216 1.84652e+06 
33.7362 1.86254e+06 40.5004 
1.9018e+06 45.445 1.8866e+06 
50.3697 1.86067e+06 53.2621 
1.86176e+06 56.1429 1.82431e+06 
59.1675 1.75492e+06 61.0303 
1.73227e+06 62.4489 1.64047e+06 
60.4488 1.54519e+06 60.3907 
1.41432e+06 60.1359 1.26334e+06 
58.1945 1.08233e+06 55.2385 
959373 52.7661 606102 
48.0703 268121 42.953 
121691 36.9291 64535.3 
29.4611 36720.3 22.7975 
-16833.1 6.34154 -8219.71 
1.73043 156.142 0.731728 
12616.6 1.4028 38289.8 
4.61705 80750.3 18.9094 
122631 28.1413 175717 
37.7402 234183 42.7671 
292203 48.2543 360211 
52.643 423508 56.1564 
491775 59.4613 578085 
61.7291 653818 63.3777 
724113 63.9632 792179 
63.6409 883625 62.8713 
965143 62.6213 1.04119e+06 
60.8054 1.11136e+06 58.0101 
1.19825e+06 54.1014 1.27354e+06 
50.3285 1.33325e+06 45.633 
1.41035e+06 40.2345 1.47055e+06 
33.4494 1.52529e+06 24.2693 
1.60001e+06 9.73636 1.63655e+06 
2.37877 1.67529e+06 0.896805 
1.70737e+06 1.83255 1.77358e+06 
7.30259 1.76711e+06 23.3245 
1.79768e+06 31.5154 1.78367e+06 
39.9912 1.79127e+06 46.0722 
1.78933e+06 50.0442 1.7508e+06 
55.6284 1.70465e+06 58.8169 
1.65649e+06 61.5094 1.60832e+06 
63.4211 1.51787e+06 65.2306 
1.45381e+06 66.4603 1.32421e+06 
64.9507 1.16722e+06 65.4636 
1.00157e+06 65.0133 772485 
63.0124 399367 60.6343 
174927 57.4937 85486.9 
52.5914 48029.3 47.5326 
28663.2 41.8244 -13556.9 
35.8079 -6852.32 27.4564 
-392.321 14.8683 8274.69 
3.3723 25453.5 1.10797 
61506.4 2.4164 109356 
11.465 157335 25.2378 
209323 33.4591 267422 
41.742 335735 47.2365 
398023 52.3983 478511 
56.66 546756 60.1888 
610313 63.5917 696609 
65.2941 764907 67.4875 
843755 68.3706 926625 
68.0636 989592 68.089 
1.06894e+06 65.7799 1.13814e+06 
64.7779 1.2212e+06 61.8974 
1.28096e+06 58.1976 1.35277e+06 
54.5115 1.40838e+06 49.2873 
1.46951e+06 44.3354 1.52421e+06 
37.658 1.57042e+06 29.4596 
1.60808e+06 19.7322 1.6734e+06 
4.94361 1.70939e+06 1.37852 
1.67375e+06 3.23848 1.70774e+06 
15.2245 1.69643e+06 26.9373 
1.71519e+06 37.5748 1.68684e+06 
43.9917 1.66446e+06 49.6555 
1.65189e+06 55.4863 1.55846e+06 
59.1745 1.51092e+06 62.7388 
1.39702e+06 64.9985 1.27579e+06 
67.2549 1.15448e+06 69.3137 
1.02342e+06 69.8325 806264 
69.4325 492675 69.2556 
234885 68.372 111824 
66.6699 60844.6 63.9441 
36229.4 60.6697 22489.1 
56.8791 -10913 52.7545 
-5693.8 45.8504 -706.343 
39.817 5499.14 31.5701 
16030.2 22.5683 37708.7 
7.35119 80688.1 1.72523 
140661 4.49941 186623 
18.8128 239978 29.4484 
306038 38.4289 361182 
45.6313 431159 51.9709 
505308 56.2477 566718 
60.3616 651605 64.1665 
719539 66.7117 792260 
69.3737 859692 70.9425 
954347 71.6155 1.01021e+06 
71.438 1.09165e+06 71.6504 
1.15883e+06 70.3168 1.23013e+06 
68.0335 1.29234e+06 65.5385 
1.32312e+06 62.1505 1.39253e+06 
58.7901 1.45303e+06 53.8274 
1.48492e+06 48.4873 1.53408e+06 
41.449 1.55618e+06 33.9984 
1.59224e+06 24.3177 1.60684e+06 
10.272 1.62901e+06 2.15215 
1.61044e+06 6.23064 1.62604e+06 
22.1301 1.5983e+06 31.913 
1.56759e+06 40.4778 1.50802e+06 
47.3568 1.44272e+06 53.3418 
1.38115e+06 57.8268 1.28268e+06 
62.1138 1.15331e+06 65.7189 
1.01786e+06 68.5191 874928 
70.951 536045 72.3302 
270954 72.7401 135862 
72.8702 73572.1 72.337 
43675.6 71.1074 27490.4 
69.6935 17694.8 67.272 
-8772.98 64.3495 -4710.74 
59.6836 -850.437 55.9622 
3672.84 49.0683 10322.1 
43.4249 22473.6 35.5296 
48574 26.6366 99791.9 
13.2958 163689 2.64177 
210398 7.91852 268089 
23.4918 333085 33.785 
398681 42.3377 462507 
49.1442 528838 54.1189 
605411 59.7092 666009 
63.9019 748538 66.8365 
824713 69.6439 890601 
72.4145 955954 72.7131 
1.02513e+06 73.969 1.09622e+06 
73.6649 1.1599e+06 73.5139 
1.22328e+06 72.7683 1.26923e+06 
71.2909 1.34825e+06 68.6335 
1.3924e+06 64.9947 1.39843e+06 
61.4115 1.45834e+06 56.5588 
1.47472e+06 51.8728 1.50134e+06 
44.211 1.5117e+06 37.8362 
1.52639e+06 27.7164 1.50267e+06 
17.194 1.52256e+06 3.19585 
1.45274e+06 9.93534 1.43619e+06 
24.9647 1.36058e+06 34.548 
1.32528e+06 42.0584 1.21982e+06 
50.2382 1.11889e+06 55.5852 
1.00007e+06 61.2538 929544 
65.1338 610324 68.5232 
302456 71.1537 149919 
72.1693 83173.9 74.2108 
49994.4 75.8702 31811.7 
75.3432 20983.9 75.1349 
13945.8 73.7032 -7034.77 
72.0681 -3872.95 70.2663 
-876.271 65.7294 2485.18 
62.3133 7021.53 57.808 
14367.7 52.8225 28606.7 
46.2369 61850.1 38.6554 
126754 29.2958 183812 
18.7027 232827 3.9683 
290252 12.0409 359189 
26.7072 424293 35.4916 
483792 44.3891 568794 
51.1097 633685 56.4084 
678691 61.2517 769960 
65.7624 843332 69.6336 
901254 71.5587 945232 
73.6705 1.01477e+06 74.9161 
1.09826e+06 76.1339 1.14642e+06 
76.5561 1.17756e+06 76.2329 
1.23239e+06 74.9342 1.28472e+06 
73.7668 1.33334e+06 70.999 
1.34853e+06 67.7289 1.376e+06 
63.5069 1.413e+06 58.8933 
1.41672e+06 52.8569 1.42087e+06 
46.8306 1.42493e+06 40.037 
1.3916e+06 31.3517 1.34468e+06 
21.143 1.33194e+06 4.88005 
1.26711e+06 14.241 1.18833e+06 
26.8798 1.10811e+06 37.402 
967864 45.3265 846270 
51.9829 648937 57.343 
341315 62.5703 164620 
66.4006 89718.5 70.1816 
54356.8 73.0825 35053.9 
74.5215 23516.7 75.9905 
16109.5 77.6215 11002.2 
76.3726 -5614.5 77.0306 
-3157.32 74.7557 -826.958 
73.5213 1708.15 71.3132 
4925.36 68.3828 9688.82 
64.5715 17943.5 60.0457 
34967.1 53.9682 70084.5 
47.2977 130604 41.0962 
200936 31.8817 252035 
21.8618 303783 5.63064 
366543 15.2301 437383 
28.3377 508315 37.3997 
563843 45.2485 626081 
52.3979 705284 58.4254 
751228 63.1666 824618 
67.4991 903771 70.5067 
942702 73.147 1.02347e+06 
75.4464 1.05875e+06 76.8385 
1.10644e+06 77.6655 1.17576e+06 
78.3337 1.18401e+06 77.5472 
1.23668e+06 75.5787 1.27045e+06 
74.173 1.30615e+06 71.6332 
1.30355e+06 68.7347 1.28946e+06 
65.35 1.29199e+06 60.7653 
1.29777e+06 55.5458 1.27525e+06 
49.4397 1.23032e+06 41.3245 
1.19141e+06 33.5576 1.10334e+06 
23.6176 985139 6.51774 
903280 16.8039 837579 
28.4544 575347 38.2672 
325014 46.7943 172541 
53.2214 94634.4 58.6419 
57191.2 63.4833 37093.7 
67.8275 25193.5 71.4526 
17589.2 73.8706 12414.3 
76.171 8671.19 77.4713 
-4446.15 78.0083 -2542.88 
78.2055 -736.306 78.2357 
1189.35 76.9194 3519.13 
75.6971 6725.11 72.4682 
11708.9 69.2806 20286.9 
65.5334 36848.5 60.8812 
70173.1 55.2164 128771 
49.317 209811 43.1759 
263346 34.3028 326495 
24.5146 379838 7.17782 
448779 17.1937 503072 
28.8184 574682 39.1042 
635796 46.9304 698600 
53.4671 752931 58.5364 
814752 63.356 873084 
68.2731 921809 72.1014 
972495 74.0626 1.02851e+06 
76.1675 1.04583e+06 78.0937 
1.14019e+06 78.2279 1.13742e+06 
78.1846 1.13664e+06 78.6451 
1.15691e+06 76.7848 1.1785e+06 
75.2405 1.18485e+06 72.8485 
1.20632e+06 69.9423 1.1403e+06 
65.8147 1.10443e+06 61.5494 
1.0704e+06 56.3428 1.00651e+06 
50.8254 959040 42.4436 
873230 33.8597 726504 
24.2271 532365 7.61178 
298330 17.6644 157940 
29.8247 92176.6 39.4228 
57589.8 46.2742 37822.5 
53.3522 25957.5 59.4979 
18369.4 64.5856 13229.6 
67.9225 9561.53 71.5228 
6803.24 73.7156 -3474.93 
76.1242 -2014.11 77.8893 
-624.685 78.4324 832.957 
78.9282 2534.77 78.1181 
4741.54 77.4311 7891.86 
75.6238 12797.7 73.173 
21107.1 70.1772 36243.9 
66.358 66456.8 62.2621 
122515 56.7766 196037 
50.097 259805 42.4689 
315938 34.5986 369581 
24.0563 432158 8.1134 
484354 18.5404 559229 
29.2652 626432 38.6783 
679107 47.6756 730319 
53.7451 778291 58.9246 
838792 64.0379 884607 
67.599 926224 71.4163 
947620 74.33 1.00396e+06 
76.0516 1.00644e+06 78.3707 
1.05971e+06 78.9584 1.05473e+06 
78.6324 1.05258e+06 78.6726 
1.03305e+06 77.0648 1.02604e+06 
74.6984 1.00281e+06 72.457 
981336 69.523 912421 
65.8133 834846 61.054 
756790 56.0475 650743 
49.7866 408023 43.0105 
245345 34.4342 142847 
24.8975 84873.1 7.90464 
54419 17.3441 36701.6 
29.1788 25632.4 39.1563 
18390.2 47.3741 13446.8 
53.5876 9926.93 58.442 
7312.9 63.6137 5282.85 
68.4779 -2655.59 72.0585 
-1554.46 74.7013 -504.088 
76.089 585.526 77.8904 
1820.73 78.9257 3354.81 
78.2197 5417 79.0663 
8391.93 77.4058 12970.7 
75.0757 20487.9 72.7649 
33915.4 69.8915 59231.6 
65.9921 103886 60.9547 
173515 55.7709 260823 
49.6469 318168 43.1255 
376324 34.9462 425492 
24.3381 484111 7.45428 
529959 17.1302 570980 
28.0256 651142 38.4897 
689221 46.4615 727489 
52.6482 772547 58.0687 
813543 63.6497 843847 
66.9661 872635 71.3135 
888807 74.5668 910863 
75.9929 892680 76.9247 
925763 77.7623 911534 
77.4553 881905 78.3833 
831014 76.5198 799524 
75.5943 750241 73.1822 
642408 69.9178 467905 
65.8002 316301 60.26 
188184 55.721 113023 
49.2694 73284.4 41.8984 
48952.6 33.5439 33812.1 
24.0167 24080.5 7.01597 
17545 15.0239 13018.7 
28 9762.56 37.9501 
7348.67 45.0699 5496.79 
53.0023 4019.41 59.014 
-1951.02 62.593 -1148.12 
67.1225 -382.32 71.0222 
405.82 73.2857 1283.2 
74.6273 2337.79 77.1344 
3695.62 77.8564 5549.12 
77.8741 8217.3 77.6187 
12260.8 76.2959 18701.9 
74.3423 29472.9 72.7084 
48348 69.2379 81711.8 
65.012 132730 60.7327 
197329 55.2791 271898 
49.1843 327742 41.335 
390388 33.3727 435943 
23.4344 497173 6.59053 
530750 13.4115 571817 
26.9954 614796 37.1282 
640086 44.8908 691876 
51.1073 704090 57.0062 
740236 62.48 762718 
66.1189 763154 70.5683 
782704 72.5225 746292 
75.2352 737222 75.8855 
717960 77.3598 664569 
76.9785 579047 77.107 
486749 76.1388 343072 
74.318 215020 70.9605 
135457 67.8842 88151.5 
64.6619 59026.2 59.7697 
41068.1 54.4481 29339.1 
47.6038 21379.6 41.168 
15852.8 32.3143 11915.6 
22.5319 9037.66 5.71302 
6888.97 12.1251 5267.75 
26.2131 3986.04 37.4363 
2943.76 43.848 -1331.28 
50.5883 -785.088 56.4795 
-263.177 61.1212 272.352 
65.388 858.683 69.2031 
1547.44 72.0313 2409.17 
74.1759 3541.15 75.7632 
5097.27 76.0142 7317.15 
77.1135 10597.6 76.4951 
15585 75.267 23284.7 
73.2882 35406.4 70.4976 
54849.5 68.0489 86237.1 
63.7348 134042 59.6486 
193262 53.4234 260052 
47.231 308022 40.5797 
396523 30.7421 418336 
20.6174 457228 4.67461 
491767 9.64901 531697 
24.9271 558909 34.0997 
560753 42.4773 580143 
49.0292 601617 55.738 
575379 61.0174 608049 
64.6763 564675 68.3254 
559239 71.6639 462396 
73.4382 369716 73.9231 
282390 75.7799 204115 
74.8231 139983 74.947 
92326.5 73.3762 62872.4 
72.1501 44407.3 69.2585 
31968.1 66.4194 23437.3 
62.4127 17460.8 57.4752 
13172.8 52.0256 10041.5 
45.632 7714.3 38.0932 
5956.72 30.2856 4602.8 
18.7257 3533.39 3.81679 
2682.23 7.54915 1996.25 
23.2381 -774.289 33.8929 
-452.845 41.2069 -146.535 
49.1272 165.03 55.1209 
502.992 59.2334 893.89 
63.7549 1372.89 67.2025 
1986.74 69.3282 2805.1 
72.4041 3929.22 73.5607 
5514.09 73.8059 7782.36 
73.9422 11067.9 73.8766 
15863.5 72.6158 22904.2 
71.0236 33819.5 68.5529 
51235.5 65.0106 75438.6 
61.9746 103921 57.1892 
137459 51.8973 189176 
44.6951 239249 37.5687 
287814 27.4154 308480 
16.688 349893 3.12594 
391809 5.89959 388930 
22.1412 390634 31.2088 
417528 39.3583 363953 
47.1099 340878 52.3529 
279136 57.9309 241883 
63.3145 190123 65.8689 
140472 68.284 103448 
70.4162 74118.6 72.2947 
54236.4 73.07 39730.1 
71.8945 29035.3 72.1798 
21489.9 71.4285 16102.9 
69.7277 12194.6 66.9584 
9324.85 63.7746 7186.52 
60.2318 5574.76 54.8163 
4345.84 49.5685 3395.47 
43.1737 2649.82 35.3889 
2053.8 26.3449 1566.81 
12.4738 1153.07 2.55018 
-255.205 4.37104 -147.959 
19.3255 -38.1604 29.4027 
69.6601 38.4206 181.377 
45.9527 309.949 51.8091 
464.343 56.5613 657.031 
60.2581 910.483 64.0154 
1251.58 66.134 1720.35 
68.7289 2371.51 70.6998 
3284.34 71.8789 4567.21 
71.1436 6399.57 71.4477 
9070.52 70.2724 12802.2 
68.3713 17513.3 65.4305 
23601.8 62.7233 33006.2 
58.2711 46429.3 53.5618 
63301.7 47.5875 79242.5 
41.2356 86796.1 33.6398 
100928 24.899 114503 
9.43299 113266 2.05478 
114666 3.23716 119503 
15.9801 104312 26.6636 
88681.7 35.6361 69609.3 
43.4216 55011 49.3896 
43866.5 55.2059 33247.4 
59.7098 25291.5 63.2025 
19262.5 65.6583 14672.6 
67.1255 11156.6 69.2495 
8430.99 69.6962 6390.13 
69.7616 4882.32 69.4668 
3760.72 68.4989 2918.78 
66.7424 2279.64 63.7936 
1789.71 60.5918 1410.17 
57.0114 1113.36 51.9992 
877.4 47.1868 687.326 
40.048 529.512 32.1125 
394.338 21.7424 -255.85 
6.98937 -811.471 1.65295 
-1388.89 2.42957 -2016.24 
11.1373 -2713.98 25.4717 
-3528.91 34.2046 -4494.65 
41.3456 -5656.15 46.8537 
-7068.18 52.8502 -8800.26 
56.9545 -10936 60.1268 
-13576.6 63.8705 -16843.9 
65.7237 -20878.9 68.222 
-25862.1 67.2339 -31980.6 
67.8751 -39302.3 67.8065 
-47828.1 67.035 -57876.6 
64.4863 -69955 62.3213 
-83393.1 58.896 -96936.5 
54.9792 -109438 49.9992 
-119730 45.1759 -129009 
37.5165 -133223 28.9813 
-131595 17.7327 -128533 
4.74962 -121315 1.33227 
-110087 1.83446 -96255 
7.11053 -82894.9 22.5395 
-69878.5 31.0345 -58282.3 
39.7929 -48017.2 45.2105 
-39246.9 50.1777 -31942.3 
54.9542 -25890.8 58.6408 
-20909.2 60.4108 -16843.7 
63.6089 -13555.5 65.4924 
-10905.5 65.8951 -8768.53 
66.3984 -7036.48 65.4432 
-5622.44 64.2867 -4457.52 
61.9036 -3486.94 59.7872 
-2666.13 56.9717 -1957.29 
52.0957 -1330.42 47.5469 
-760.955 42.0795 -223.805 
35.9999 -133.944 26.2553 
-472.916 14.2401 -835.85 
3.22277 -1213.76 1.07675 
-1625.93 1.40519 -2087.26 
4.7384 -2608.07 19.556 
-3206.58 28.5554 -3910.14 
36.2001 -4736.12 42.6162 
-5706.92 48.4456 -6843.4 
53.2471 -8168.72 55.8735 
-9699.47 60.0738 -11450.3 
61.7118 -13483.5 63.7913 
-15706.7 63.4922 -18076.3 
63.4483 -21139 63.1035 
-25104.1 63.0445 -29614.9 
60.1199 -34613.7 57.7338 
-38799.6 54.0749 -43213.1 
50.4957 -46405 45.1737 
-48172.2 39.7476 -47814.8 
32.0747 -46221.2 23.427 
-43209.4 10.1925 -39181.3 
2.308 -34235.8 0.87503 
-29108.3 1.09475 -25299.3 
3.19892 -21192.5 13.5472 
-18073.6 25.276 -15522.6 
33.4954 -13445.9 40.1341 
-11519.7 45.2599 -9740.49 
49.8664 -8171.34 53.9379 
-6833.31 56.7361 -5691.43 
58.5129 -4713.17 61.277 
-3877.78 61.4974 -3164.87 
61.3624 -2553.24 60.4338 
-2025.59 59.9622 -1563.81 
57.3517 -1154.61 55.495 
-784.035 52.1668 -442.104 
48.142 -115.274 43.2658 
-24.007 36.6226 -157.561 
29.6453 -292.913 20.8309 
-431.532 6.38032 -566.603 
1.70248 -688.383 0.716256 
-797.072 0.863996 -881.988 
2.19124 -923.06 8.52725 
-882.232 21.9161 -726.765 
29.9434 -389.848 36.7822 
246.486 42.2235 1320.33 
47.3271 3251.24 50.8175 
6183.71 53.945 8807.23 
56.5456 11542.8 57.8128 
12786.2 59.0616 12275.6 
59.4187 10629.8 58.3702 
8102.16 57.6974 6584.75 
55.5723 4880.56 52.4115 
4931.04 48.9512 2957.6 
44.5749 3165.3 40.7809 
5485.64 34.0194 6223.09 
26.5378 7249.35 14.9189 
8789.51 3.87937 11992.1 
1.27303 11343.2 0.59014 
13023.2 0.689169 11141.5 
1.54654 9030.78 4.8917 
5787.73 17.3073 3003.03 
26.2438 1243.77 33.5274 
283.779 39.7027 -380.181 
45.0878 -732.281 48.8312 
-867.134 51.1363 -884.752 
53.6205 -835.062 55.2468 
-745.806 56.4187 -636.861 
55.9046 -515.822 55.1208 
-389.988 54.5045 -264.146 
52.4642 -139.3 50.2108 
-15.027 46.5185 84.1532 
42.5289 160.833 37.1018 
253.53 30.2621 376.182 
22.7185 546.74 8.8349 
789.275 2.45679 1151.73 
0.967649 1681.75 0.489159 
2463.55 0.55548 3640.84 
1.12092 5431.61 2.88153 
8114.02 10.43 12423.4 
24.2558 19186.7 30.0258 
28014 35.5502 38429.3 
41.0113 44454.3 45.5077 
46631.9 47.7344 49392.3 
50.982 49636 52.5277 
50372.4 53.4108 52734.3 
53.4606 51927.6 52.5574 
51475.9 51.1105 54016.2 
49.5511 53397.1 46.473 
52878.2 42.7919 52553.7 
38.2486 52053.2 33.0018 
52577 26.0885 49249.4 
18.6478 51047.6 5.06356 
49189.6 1.65625 47443.8 
0.749234 46488.5 0.407979 
43418.8 0.452457 36249.6 
0.837221 27052.7 1.85714 
20003.9 5.81106 12876 
18.0588 8043.8 26.0754 
5338.62 33.0307 3619.73 
37.1437 2478.54 41.7361 
1707.18 45.4396 1182.67 
47.6051 821.265 48.6446 
571.808 49.9591 393.671 
50.2454 264.986 49.3262 
166.099 47.8335 83.4307 
45.7975 196.479 43.9032 
503.566 39.2665 850.28 
34.513 1271.56 29.4191 
1810.72 23.052 2531.21 
11.004 3526.52 3.02819 
4957.26 1.17556 7066.35 
0.590703 10302.4 0.342461 
15741.4 0.372339 24877.8 
0.642386 37816.8 1.27397 
54465.2 3.26548 69262.6 
10.6129 76601.7 22.1483 
81604.3 28.1094 82700.3 
33.5786 92242.4 38.1143 
94566.3 41.3554 99816 
43.8728 100105 44.5984 
104775 46.1167 104395 
46.5496 104023 45.8569 
103745 45 103685 
42.6346 105421 39.8502 
102924 35.9674 105441 
30.7536 99841.2 24.6513 
98049.6 17.3652 93846 
5.53268 88897 1.91003 
85843.8 0.86541 81804.4 
0.473209 75343.5 0.289296 
65976 0.309345 57039.5 
0.503723 37042.4 0.912003 
23526.2 1.95572 15295.8 
5.34904 10253.8 15.5172 
7061.29 24.1237 4951.26 
29.0505 3522.12 33.8991 
2524.63 36.7467 1805.26 
40.2197 1266.94 41.8602 
844.752 42.6279 497.21 
41.729 188.245 41.9956 
323.206 40.3869 897.769 
39.0915 1550.33 35.5316 
2344.36 31.6954 3378.43 
26.2262 4794.53 20.3171 
6820.87 9.51681 9862.36 
3.00819 14643.4 1.27465 
22595.8 0.65476 37300.5 
0.384267 61675.4 0.245872 
84838.6 0.259244 99681.3 
0.402047 107132 0.675139 
113817 1.2734 126587 
2.82642 133870 8.00325 
140415 18.5462 143924 
24.717 150036 29.1212 
153734 32.8492 156363 
35.5054 156581 37.5356 
162334 38.3749 163666 
38.5749 158591 37.544 
160469 36.511 155211 
33.7779 157788 31.3483 
153662 26.875 152683 
21.1115 150609 12.9174 
141926 4.60078 135727 
1.8195 125772 0.895358 
117043 0.506924 106479 
0.315719 96874.9 0.210162 
81078.1 0.218964 57337.9 
0.325725 36923 0.514261 
22908.7 0.880927 14651.5 
1.69146 9793.39 3.89776 
6741.72 10.1318 4734.98 
20.6302 3338.96 25.3523 
2315.91 28.2039 1526.04 
29.938 877.974 32.709 
302.94 33.9401 473.913 
34.1436 1378.46 33.5446 
2420.16 30.9982 3726.47 
29.5846 5490.12 26.0876 
8046.81 22.4327 11985.3 
14.5077 18414.6 6.19955 
29982.4 2.44073 50608.4 
1.18358 81505.6 0.655489 
113599 0.400341 128285 
0.262093 140183 0.180604 
155381 0.186264 170304 
0.267324 182345 0.401203 
190962 0.638216 196146 
1.09851 205050 2.11617 
209961 4.71437 210945 
10.8592 218793 18.8838 
219564 23.8128 218965 
26.3501 222948 27.771 
218759 28.2865 224579 
28.5414 218846 28.8936 
216841 27.5804 213782 
24.3511 205726 21.4947 
200115 14.5772 195739 
7.241 185441 3.01184 
179210 1.47338 169515 
0.817121 155297 0.495619 
144791 0.321602 136769 
0.219597 109861 0.155987 
82053.3 0.159482 51629.8 
0.221889 30065.9 0.319296 
18159.4 0.479099 11775.2 
0.758583 7923.36 1.28836 
5411.85 2.37789 3666.7 
4.73553 2371.53 9.81056 
1338.15 15.9156 440.073 
21.5764 661.01 22.5861 
1991.5 23.9798 3562.56 
23.5223 5611.48 23.1135 
8543.38 21.9017 13148.4 
18.6757 21198.6 12.497 
35930.3 6.81726 62919.4 
3.36991 105993 1.70343 
142390 0.964846 156066 
0.591276 176575 0.384586 
194368 0.262155 212910 
0.185531 221717 0.135367 
235776 0.137369 248141 
0.186021 255873 0.258384 
265455 0.369859 272665 
0.549002 281052 0.851137 
282142 1.38281 285271 
2.34369 291532 4.28571 
292158 7.16382 292034 
11.2397 288209 15.0928 
285858 16.7517 281785 
17.0782 277697 16.7368 
273543 13.2379 268552 
9.05585 257949 5.55064 
250779 3.10234 235677 
1.79358 228736 1.06681 
208724 0.67153 193427 
0.443669 176826 0.304843 
157130 0.216413 137786 
0.157936 107494 0.117999 
62383.1 0.118976 34562.3 
0.157335 20623.4 0.212068 
12963.9 0.292048 8451.04 
0.412049 5547.83 0.596943 
3509.19 0.887289 1943.88 
1.34896 617.156 2.0849 
903.9 3.10922 2801.54 
4.74041 5120.16 6.63801 
8316.89 7.65589 13255.1 
7.84184 21725.2 7.45709 
39068 5.71489 74457.1 
3.82099 121921 2.56854 
162740 1.66392 188549 
1.08583 213824 0.719247 
235081 0.489366 248369 
0.342548 269256 0.245943 
283916 0.180628 304726 
0.135369 312106 0.103297 
325058 1.19018 332121 
1.57465 345258 2.13628 
344646 2.98354 354783 
4.30737 361235 6.45215 
355890 10.0529 365604 
16.1958 359544 26.899 
358456 44.1084 356397 
73.4387 354573 108.305 
354085 136.946 340015 
152.189 332761 139.258 
317557 121.624 312825 
89.6693 295978 60.7946 
290034 40.9608 264237 
26.9324 255226 18.1404 
235183 12.4867 209024 
8.80018 184697 6.33954 
165641 4.6576 117826 
3.48384 70352.4 2.64886 
38164.8 1.32762 21545.8 
1.79307 13169 2.49981 
8268.9 3.62131 5081.68 
5.4952 2770.23 8.8081 
880.26 15.0675 1273.54 
27.3491 3968.54 53.7697 
7422.33 100.522 12523 
169.966 21201.8 247.51 
38403.4 300.919 74421.4 
334.436 137530 310.074 
190737 283.549 210005 
213.765 238726 139.69 
269763 79.11 297640 
45.387 319936 27.5891 
340780 17.5316 352275 
11.6378 366714 8.0075 
378596 5.6755 394477 
4.12644 407506 3.06698 
413541 1.48462 418842 
2.05222 422880 2.95352 
430177 4.47269 432574 
7.23271 437854 12.6889 
427431 24.7161 433304 
54.8773 438827 117.741 
422057 211.52 425377 
299.243 408756 361.595 
407129 415.027 394215 
427.645 385327 472.277 
371054 455.784 354578 
415.304 333581 320.144 
319205 178.18 293521 
86.9698 266279 45.5129 
238263 25.8344 216747 
15.8697 183299 10.3106 
135252 6.99955 74243.4 
4.92458 37901.7 3.56779 
20958.7 1.6645 12370.3 
2.36234 7298.96 3.53004 
3886.45 5.64698 1215.92 
9.92033 1749.1 19.7703 
5544.53 46.1948 10678.6 
119.118 18944.2 216.431 
34529.6 295.757 70389 
362.349 139745 420.42 
196424 490.581 233130 
517.296 278046 548.315 
304666 540.684 338272 
540.511 364685 511.572 
385073 370.92 399343 
195.515 428292 83.9524 
446808 40.5761 462109 
22.5041 472233 13.5861 
479791 8.75183 492325 
5.92576 504340 4.17087 
504196 1.87123 513162 
2.73708 515534 4.27893 
517134 7.33625 517071 
14.3651 512975 34.9438 
508102 94.9018 504184 
202.64 504876 286.279 
490584 366.921 486165 
439.657 469910 517.815 
456854 574.257 441379 
609.47 424812 651.29 
402579 669.068 385489 
656.965 364772 628.658 
333950 542.894 308009 
415.943 275366 172.886 
232807 69.5276 197780 
33.586 137908 18.4099 
71061 11.1169 35075.1 
7.19531 18740.3 4.90107 
10499.5 2.10954 5441.5 
3.19491 1677.55 5.27849 
2412.02 9.90472 7788.72 
22.4187 15528 67.6523 
29301.8 168.349 59472.7 
243.921 124597 331.597 
214950 418.918 257091 
506.046 290224 578.983 
334739 641.337 369778 
685.458 398350 726.081 
418981 751.985 456145 
790.146 479903 737.029 
496751 672.049 516544 
601.575 533591 358.386 
543980 135.886 561716 
53.5605 577677 25.8081 
585687 14.3819 592649 
8.82436 593308 5.79018 
598969 2.38504 598982 
3.76099 594147 6.65756 
599495 14.0903 593758 
39.2794 591044 119.479 
582912 206.805 572540 
291.482 563591 385.526 
543356 471.1 538237 
555.735 515899 647.257 
498790 703.866 479026 
754.117 451888 808.662 
427887 844.681 399154 
846.102 363408 833.954 
333734 782.577 290108 
698.441 247070 579.007 
205995 282.673 130403 
93.2756 60524.5 37.7077 
28623.5 19.011 15254 
10.942 7671.16 6.87892 
2327.28 2.70443 3351.34 
4.46991 11061.9 8.63239 
23007.3 21.5252 47006.9 
73.1594 103611 164.54 
205393 243.422 267465 
337.695 302726 423.869 
358069 522.719 404965 
623.491 430561 695.464 
475893 784.111 512107 
835.187 534207 897.388 
544582 936.181 577741 
963.027 596677 940.096 
621288 889.42 627222 
816.701 650648 704.874 
649501 499.318 663063 
177.765 676754 58.0294 
675336 25.787 686012 
13.7335 681241 8.21959 
679026 3.07561 693538 
5.37059 675551 11.535 
673600 36.2687 673034 
115.442 655222 194.482 
649124 275.861 630042 
375.392 613499 465.953 
598420 569.525 582614 
656.756 557799 742.204 
526604 822.571 506614 
888.902 473421 955.494 
439670 1006.17 394197 
1016.75 365642 1019.24 
309271 993.034 272772 
924.452 203923 801.774 
99964.7 656.887 45738.3 
343.2 22919.5 95.6196 
11006.4 36.0851 3283.97 
17.4666 4706.87 9.87952 
15940.3 3.50795 35104.1 
6.53525 78241.3 16.0096 
168152 60.6379 265924 
136.301 326218 215.005 
372627 314.257 409745 
412.414 478140 512.215 
509219 603.011 539395 
712.804 567986 796.322 
607490 874.023 622502 
945.165 661538 1024.49 
679807 1076.87 698492 
1115.84 705149 1113.7 
723736 1059 738052 
1034.3 752330 924.526 
763754 749.351 771657 
567.583 778116 171.442 
772611 52.2678 766969 
22.5307 773417 11.9459 
758784 4.01235 760266 
8.07102 745459 23.8264 
735610 83.5657 731292 
164.108 704294 249.229 
694306 333.294 671345 
435.957 650627 542.556 
629657 643.715 602198 
746.643 569953 844.221 
537993 935.107 503347 
1000.26 459255 1084.25 
429548 1153.73 368378 
1163.3 316490 1171.57 
274167 1159.43 161597 
1103.91 77055.7 1012.81 
36176.6 863.104 16714.4 
698.786 5140.6 308.768 
6785.13 78.6087 23278.8 
29.4955 56039.5 14.5335 
132142 4.60159 250912 
10.1327 327458 36.2802 
378199 107.915 443131 
177.854 491954 263.987 
542505 361.981 566857 
462.782 606901 575.467 
657393 685.168 688556 
780.826 713788 882.293 
734210 976.15 762698 
1044.75 781016 1131.69 
815376 1186.66 820921 
1226.93 835103 1249.95 
848425 1234.16 847491 
1194.97 855897 1096.74 
866194 970.725 863714 
777.329 867176 497.489 
869776 124.532 855922 
39.1993 849180 17.799 
844436 5.29245 828035 
12.9114 816061 52.2314 
799588 116.58 782210 
197.238 765911 289.839 
727799 384.988 713743 
494.389 681378 594.417 
650088 702.926 616053 
820.811 576639 929.584 
536864 1036.22 493043 
1085.3 442546 1166.57 
375526 1243.52 332788 
1282.52 248240 1291.73 
130381 1306.1 57828.1 
1253.85 24632.1 1177.57 
7645.32 1061.11 10481.1 
883.615 34993 711.524 
87941.4 198.478 206040 
53.1523 339106 21.9631 
372104 6.10996 435002 
16.8931 513460 66.8634 
550633 128.267 609955 
219.763 661983 305.079 
703742 408.608 732176 
516.5 753683 626.619 
798115 743.876 818529 
856.48 850851 965.149 
873949 1061.57 890028 
1142.16 903677 1214.62 
914657 1295.15 940108 
1340.04 946293 1357.19 
953254 1338.91 954751 
1313.26 957214 1251.83 
950515 1156.83 952957 
1004.4 948453 758.945 
947936 309.072 936105 
74.3385 918656 27.3268 
918452 7.08021 889343 
22.8951 868165 78.0058 
854517 142.494 817797 
232.192 798882 328.172 
758181 423.114 735810 
545.177 693064 655.997 
645280 769.188 606612 
879.707 556718 993.462 
509805 1102.58 442459 
1165.52 387614 1264.46 
313106 1344.31 207653 
1389.16 92357.2 1418.83 
35752.7 1423.18 10613.9 
1372.74 15113.3 1304.21 
53626.7 1202.79 134866 
1076.82 268001 860.573 
367105 477.989 429139 
107.169 509554 34.2648 
580147 8.19969 618602 
30.8705 678155 82.233 
711431 151.361 766892 
241.315 800175 336.198 
845465 442.455 880252 
554.934 894261 670.75 
932657 795.271 946645 
905.437 973312 1027.73 
1.0043e+06 1134.39 1.00899e+06 
1221.77 1.03869e+06 1315.34 
1.03131e+06 1360.48 1.03313e+06 
1427.86 1.05237e+06 1448.65 
1.04767e+06 1440.47 1.05223e+06 
1423.2 1.05338e+06 1352.35 
1.04799e+06 1276.17 1.04409e+06 
1132.96 1.01593e+06 923.738 
1.00599e+06 639.132 989168 
159.627 976173 43.2463 
954452 9.49713 936188 
37.0359 901255 86.9388 
879932 167.997 840179 
254.101 799258 352.798 
750990 468.301 722149 
579.053 685784 699.369 
615122 812.785 567795 
932.568 507220 1055.64 
439227 1158.76 355634 
1246.35 278174 1337.84 
136487 1414.25 52069 
1469.88 14389.2 1496.52 
21142.5 1501.83 81452.3 
1485.11 207621 1448.44 
350208 1320.33 435538 
1198.74 509862 990.088 
572513 734.158 633588 
240.713 686610 54.8628 
766788 11.0773 793450 
41.7062 840260 94.4335 
893890 171.02 916483 
263.431 960640 368.567 
990955 474.682 1.02088e+06 
590.664 1.03067e+06 714.821 
1.06805e+06 833.979 1.09416e+06 
962.126 1.09481e+06 1080.25 
1.1147e+06 1188.15 1.13264e+06 
1282.52 1.13793e+06 1384.17 
1.13607e+06 1454.33 1.14453e+06 
1499.85 1.13633e+06 1534.29 
1.13384e+06 1538.71 1.13926e+06 
1535.47 1.11695e+06 1477.95 
1.11922e+06 1396.69 1.10765e+06 
1248.15 1.08479e+06 1067.3 
1.07305e+06 792.52 1.04027e+06 
339.877 1.01801e+06 69.2783 
982838 12.8345 953326 
45.2197 926155 101.551 
893444 179.766 849646 
273.284 796576 377.888 
749201 487.553 698702 
607.636 642788 732.167 
571783 856.826 505691 
983.495 427169 1101.5 
346261 1206.61 195409 
1308.48 76569.4 1397.75 
19110.7 1470.66 29659.6 
1536.28 114919 1574.6 
272029 1593.62 391395 
1558.86 462505 1537.55 
559489 1413.63 632195 
1308.19 719414 1116.28 
755184 869.2 829692 
443.251 860437 85.9264 
912744 14.0577 960125 
47.1776 1.00088e+06 106.689 
1.04847e+06 187.65 1.06695e+06 
282.393 1.10912e+06 383.625 
1.13549e+06 503.284 1.15701e+06 
624.811 1.17316e+06 744.53 
1.20243e+06 870.54 1.21151e+06 
1003.51 1.20404e+06 1107.26 
1.22138e+06 1227.24 1.23195e+06 
1322.6 1.23881e+06 1420.51 
1.23599e+06 1504.94 1.24368e+06 
1571.87 1.22425e+06 1606.81 
1.22359e+06 1609.88 1.20359e+06 
1604.34 1.19228e+06 1554.4 
1.17593e+06 1494.69 1.14959e+06 
1332.29 1.14018e+06 1189.46 
1.10351e+06 905.145 1.07491e+06 
576.997 1.03848e+06 104.908 
1.00596e+06 15.1308 945615 
49.6859 930448 108.509 
872954 186.615 830624 
288.594 756723 393.415 
710855 516.031 626857 
636.917 557759 763.242 
465956 889.242 396007 
1000.24 276963 1129.77 
108482 1258.56 24648 
1352.6 41414.5 1451.52 
154464 1524.63 320837 
1589.33 439609 1645.41 
544253 1628.24 624739 
1628.15 690905 1588.56 
767356 1522.21 831609 
1393.63 901630 1215.82 
960961 957.495 1.00969e+06 
629.428 1.0408e+06 131.585 
1.08577e+06 16.0654 1.13159e+06 
51.8805 1.14946e+06 111.79 
1.19824e+06 195.973 1.21687e+06 
293.01 1.24949e+06 399.465 
1.26844e+06 516.141 1.27359e+06 
642.998 1.30694e+06 775.719 
1.31054e+06 894.057 1.32438e+06 
1021.17 1.3371e+06 1140.6 
1.33701e+06 1262.77 1.3309e+06 
1374.22 1.33859e+06 1472.58 
1.3267e+06 1550.01 1.29762e+06 
1626.64 1.30206e+06 1661.9 
1.27303e+06 1677.95 1.27393e+06 
1659.15 1.24256e+06 1618.6 
1.22423e+06 1523.37 1.18871e+06 
1411.75 1.16327e+06 1259.76 
1.11167e+06 1025.43 1.09144e+06 
714.331 1.03949e+06 163.218 
998389 16.8953 937503 
51.8161 886595 116.799 
831449 199.592 774010 
298.109 682512 405.725 
628765 527.032 520623 
649.314 440772 781.451 
318084 913.048 140963 
1033.02 33954.8 1156.88 
55170.5 1287.88 201724 
1371.47 382214 1488.52 
501721 1546.23 583788 
1621.11 677290 1669.43 
772705 1694.22 842360 
1687.05 906750 1650.1 
948482 1555.57 1.01911e+06 
1426.11 1.07273e+06 1293.01 
1.10734e+06 1042.57 1.16427e+06 
739.302 1.20124e+06 189.324 
1.23629e+06 17.0705 1.2744e+06 
53.9989 1.2955e+06 116.422 
1.33056e+06 199.982 1.34749e+06 
300.422 1.37115e+06 412.888 
1.39435e+06 531.825 1.39212e+06 
660.023 1.41817e+06 785.334 
1.41622e+06 914.022 1.41732e+06 
1045.69 1.42284e+06 1170.04 
1.41634e+06 1288.4 1.41848e+06 
1406.76 1.40692e+06 1498.63 
1.39707e+06 1563.41 1.37492e+06 
1635.69 1.36641e+06 1676.85 
1.31957e+06 1702.72 1.30599e+06 
1707.48 1.276e+06 1670.41 
1.25189e+06 1601.16 1.19946e+06 
1490.78 1.16079e+06 1300.51 
1.09936e+06 1097.8 1.06599e+06 
800.479 1.01804e+06 220.3 
957124 17.5036 892241 
53.566 833063 119.142 
750422 206.288 680960 
304.936 589142 414.806 
494235 534.603 385200 
663.328 192993 795.881 
47628.8 923.053 69626.6 
1055.69 251019 1179.59 
428325 1294.32 529250 
1404.04 650337 1511.82 
741508 1591.34 817841 
1669.14 891868 1696.67 
961378 1716.24 1.03326e+06 
1712.42 1.10056e+06 1673.38 
1.15187e+06 1591.49 1.19538e+06 
1487.34 1.25517e+06 1359.12 
1.28358e+06 1122.82 1.33042e+06 
831.817 1.3499e+06 243.409 
1.37505e+06 17.504 1.44281e+06 
54.1442 1.44071e+06 121.291 
1.45275e+06 206.896 1.47538e+06 
305.958 1.48365e+06 414.025 
1.50215e+06 533.544 1.51621e+06 
667.409 1.5108e+06 802.683 
1.50082e+06 925.404 1.50499e+06 
1055.73 1.50722e+06 1188.66 
1.48378e+06 1297.76 1.45561e+06 
1404 1.46234e+06 1519.41 
1.43538e+06 1588.5 1.41761e+06 
1658.99 1.38387e+06 1705.81 
1.35989e+06 1732.69 1.32973e+06 
1719.6 1.28514e+06 1691.94 
1.24866e+06 1624.24 1.20581e+06 
1533.22 1.14352e+06 1335.9 
1.09641e+06 1108.31 1.03988e+06 
821.691 948846 258.691 
900795 17.3681 811365 
55.6299 727382 122.485 
636297 204.042 533375 
305.68 418352 420.363 
230386 543.403 60253 
663.838 82002.2 796.076 
288416 921.174 466028 
1055.17 580778 1185.82 
690963 1301.13 771437 
1417.32 860715 1509.59 
952685 1602.1 1.02753e+06 
1667.5 1.09518e+06 1713.26 
1.16982e+06 1738.85 1.20832e+06 
1734.05 1.26955e+06 1711.51 
1.31509e+06 1637.04 1.35653e+06 
1511.49 1.40504e+06 1336.69 
1.43627e+06 1133.21 1.46737e+06 
815.981 1.50022e+06 276.349 
1.53497e+06 17.1512 1.54093e+06 
55.2288 1.55627e+06 120.386 
1.58114e+06 210.142 1.59663e+06 
307.799 1.59439e+06 416.447 
1.59779e+06 539.14 1.61575e+06 
661.22 1.59909e+06 795.006 
1.59706e+06 928.92 1.57486e+06 
1053.93 1.55642e+06 1193.38 
1.54529e+06 1309.99 1.52486e+06 
1411.41 1.51698e+06 1520.26 
1.46417e+06 1594.18 1.43813e+06 
1646.98 1.40292e+06 1696.41 
1.35619e+06 1722.44 1.31551e+06 
1719.91 1.26318e+06 1678.19 
1.21547e+06 1616.1 1.1706e+06 
1501.91 1.10179e+06 1353.6 
1.04103e+06 1127.6 961831 
845.076 864592 269.02 
783905 17.2366 703166 
55.055 578333 121.055 
471330 208.988 281481 
307.195 75310.6 413.274 
94324.6 535.323 331711 
669.736 527372 802.369 
615051 933.508 736094 
1054.53 842722 1185.59 
931438 1309.07 1.02988e+06 
1404.42 1.07597e+06 1527.68 
1.15819e+06 1601.25 1.22607e+06 
1655.26 1.28875e+06 1703.91 
1.3424e+06 1732.1 1.40548e+06 
1724.3 1.43204e+06 1675.29 
1.49442e+06 1608.02 1.52065e+06 
1497.59 1.56836e+06 1357.41 
1.59386e+06 1144.38 1.61857e+06 
825.438 1.62776e+06 253.212 
1.64985e+06 17.672 1.66582e+06 
52.9585 1.67507e+06 119.5 
1.67729e+06 204.478 1.69157e+06 
302.083 1.68261e+06 410.38 
1.68336e+06 535.988 1.68521e+06 
654.901 1.66988e+06 794.382 
1.65879e+06 931.721 1.63011e+06 
1053.35 1.61516e+06 1171.19 
1.59425e+06 1290.39 1.54178e+06 
1391 1.52384e+06 1514.44 
1.47864e+06 1582.99 1.43931e+06 
1667.15 1.39916e+06 1713.47 
1.33649e+06 1732.52 1.27726e+06 
1719.42 1.21995e+06 1656.08 
1.14385e+06 1606.51 1.07985e+06 
1485.78 998860 1318.85 
936403 1097.56 822166 
814.572 749121 237.742 
606702 17.1677 517203 
53.1389 329118 118.269 
89517.6 198.812 103563 
303.899 355105 417.091 
545011 527.099 642071 
656.09 786095 790.937 
887343 916.178 974828 
1034.32 1.07783e+06 1174.47 
1.14991e+06 1291.68 1.21519e+06 
1398.26 1.27993e+06 1500.08 
1.34224e+06 1577.92 1.4001e+06 
1639.33 1.45698e+06 1702.28 
1.51308e+06 1715.05 1.56656e+06 
1698.49 1.60328e+06 1669.46 
1.62765e+06 1593.83 1.66822e+06 
1483.17 1.70486e+06 1300.38 
1.70025e+06 1091.94 1.73377e+06 
794.916 1.75654e+06 222.794 
1.74265e+06 16.8785 1.76273e+06 
51.4521 1.76029e+06 115.843 
1.76453e+06 198.401 1.75918e+06 
293.563 1.76694e+06 403.39 
1.74806e+06 526.212 1.72992e+06 
646.516 1.6956e+06 785.545 
1.68286e+06 906.319 1.65872e+06 
1042.94 1.63139e+06 1155.52 
1.60487e+06 1283.62 1.5516e+06 
1382.13 1.51633e+06 1489.33 
1.45606e+06 1575.26 1.41165e+06 
1638.81 1.35927e+06 1661.23 
1.2972e+06 1681.89 1.2281e+06 
1689.82 1.15878e+06 1642.51 
1.06518e+06 1569.7 977539 
1435.4 882661 1295.24 
773486 1057.18 646736 
763.129 532929 192.176 
349621 16.6376 99873.6 
49.9926 112406 116.853 
378933 193.754 563763 
290.17 696192 399.744 
813756 514.828 937878 
639.67 1.02239e+06 770.56 
1.10605e+06 900.569 1.20265e+06 
1028.17 1.27251e+06 1153.6 
1.3759e+06 1261.12 1.42433e+06 
1384.69 1.49697e+06 1477.86 
1.53263e+06 1557.21 1.58729e+06 
1616.29 1.61843e+06 1650.67 
1.67067e+06 1685.7 1.68736e+06 
1665.1 1.73505e+06 1639.33 
1.76089e+06 1539.8 1.78044e+06 
1424.1 1.8162e+06 1276.56 
1.82387e+06 1005.16 1.83688e+06 
696.127 1.84399e+06 156.046 
1.84241e+06 15.3207 1.85621e+06 
48.7656 1.84634e+06 108.15 
1.83431e+06 187.892 1.83905e+06 
281.77 1.81792e+06 394.644 
1.79481e+06 514.052 1.76361e+06 
632.921 1.76387e+06 761.113 
1.71418e+06 895.602 1.66755e+06 
1017.92 1.63427e+06 1125.43 
1.58234e+06 1257.28 1.53248e+06 
1343.61 1.47311e+06 1447.95 
1.4203e+06 1517.87 1.35448e+06 
1590.88 1.28366e+06 1621.19 
1.18616e+06 1645.41 1.12433e+06 
1630.63 1.01193e+06 1579.31 
931574 1499.31 813992 
1375.69 693578 1197.34 
552471 990.126 394957 
630.138 114571 126.313 
124708 13.9617 418893 
47.1215 570979 107.307 
714867 182.803 829927 
282.278 962499 389.987 
1.053e+06 499.611 1.1888e+06 
623.556 1.24836e+06 748.302 
1.32894e+06 866.38 1.40708e+06 
1003.91 1.47334e+06 1120.11 
1.52185e+06 1224.39 1.58336e+06 
1327.86 1.6324e+06 1427.49 
1.70079e+06 1502.39 1.72716e+06 
1566.01 1.76392e+06 1604.39 
1.81441e+06 1610.04 1.82705e+06 
1619.52 1.86448e+06 1571.54 
1.90031e+06 1495.42 1.90655e+06 
1347.23 1.91497e+06 1180.5 
1.93465e+06 894.804 1.92688e+06 
559.828 1.92691e+06 102.51 
1.90202e+06 12.5848 1.92487e+06 
46.0868 1.89755e+06 99.7346 
1.87682e+06 175.434 1.85845e+06 
271.037 1.81891e+06 371.008 
1.80925e+06 488.879 1.75926e+06 
619.132 1.7368e+06 733.713 
1.68721e+06 853.53 1.62905e+06 
976.613 1.59215e+06 1101.06 
1.51233e+06 1212.46 1.47221e+06 
1290.54 1.38488e+06 1394.61 
1.32648e+06 1477.19 1.24183e+06 
1537.26 1.17048e+06 1567.53 
1.06442e+06 1579.43 950231 
1573.65 847335 1505.6 
694219 1427.45 597919 
1300.33 403029 1111.12 
115551 859.847 119903 
415.077 402664 82.8091 
598299 11.0018 739630 
42.3168 899636 95.2338 
1.00152e+06 171.193 1.08158e+06 
265.025 1.23431e+06 367.469 
1.28234e+06 477.216 1.38958e+06 
589.625 1.45062e+06 713.27 
1.52108e+06 826.809 1.58988e+06 
953.074 1.63292e+06 1076.63 
1.71424e+06 1192.33 1.77764e+06 
1277.15 1.80283e+06 1380.24 
1.84837e+06 1453.32 1.8823e+06 
1507.39 1.90191e+06 1531.37 
1.94049e+06 1553.3 1.97949e+06 
1522.11 1.97664e+06 1470.69 
1.97646e+06 1370.05 2.0145e+06 
1241.31 1.98885e+06 1055.89 
1.99461e+06 811.563 1.98973e+06 
311.12 2.00763e+06 65.9694 
1.9701e+06 9.5182 1.95936e+06 
37.7334 1.92983e+06 86.9138 
1.89911e+06 159.959 1.85283e+06 
250.978 1.8356e+06 350.84 
1.79294e+06 466.294 1.76778e+06 
584.379 1.70698e+06 704.496 
1.64474e+06 821.231 1.58884e+06 
930.768 1.53038e+06 1054.54 
1.43192e+06 1156.82 1.37474e+06 
1252.25 1.28737e+06 1342.06 
1.21286e+06 1417.04 1.10671e+06 
1471.06 987116 1493.43 
897634 1500.3 726903 
1488.41 609613 1427.71 
388109 1358.95 111064 
1205.26 116436 1007.85 
417371 706.436 646303 
228.419 737224 52.4148 
901220 8.2081 1.02433e+06 
29.9631 1.1304e+06 83.5641 
1.24108e+06 154.304 1.29902e+06 
239.256 1.40769e+06 333.38 
1.49826e+06 446.739 1.54637e+06 
557.963 1.6326e+06 670.413 
1.70091e+06 798.947 1.7415e+06 
911.736 1.81416e+06 1038.6 
1.85107e+06 1115.38 1.91742e+06 
1218.94 1.94597e+06 1310.21 
1.96316e+06 1386.54 2.00487e+06 
1421.34 2.02202e+06 1458.68 
2.02859e+06 1458.18 2.03304e+06 
1435.11 2.04586e+06 1372.6 
2.0628e+06 1300.32 2.05246e+06 
1128.73 2.07508e+06 908.308 
2.0632e+06 572.752 2.03211e+06 
153.155 2.01433e+06 41.6911 
1.99036e+06 7.06936 1.98715e+06 
22.4152 1.93165e+06 76.0185 
1.88995e+06 140.984 1.85868e+06 
230.828 1.81805e+06 321.84 
1.75522e+06 424.137 1.70528e+06 
538.762 1.63912e+06 654.066 
1.58005e+06 755.885 1.48606e+06 
882.231 1.41221e+06 997.33 
1.3294e+06 1093.27 1.22469e+06 
1192.15 1.1199e+06 1264.2 
1.02108e+06 1329.65 899264 
1364.44 742855 1399.18 
616266 1410.33 394134 
1359.92 110394 1304.68 
102060 1210.6 368266 
1082.64 623039 822.036 
765753 456.808 904470 
102.19 1.05034e+06 33.2251 
1.15821e+06 6.10471 1.25404e+06 
17.1742 1.36843e+06 67.8306 
1.46612e+06 130.902 1.54698e+06 
210.795 1.6218e+06 303.94 
1.69396e+06 410.361 1.73298e+06 
521.678 1.8229e+06 623.608 
1.86902e+06 751.738 1.90526e+06 
856.437 1.96322e+06 971.484 
1.9866e+06 1053.72 2.03517e+06 
1139.44 2.03902e+06 1219 
2.07264e+06 1303.98 2.09796e+06 
1324.67 2.11673e+06 1350.81 
2.12465e+06 1338.25 2.12418e+06 
1317.62 2.13263e+06 1239.28 
2.11022e+06 1143.09 2.11634e+06 
963.155 2.11242e+06 732.042 
2.07518e+06 324.055 2.04459e+06 
71.9893 2.01017e+06 26.6094 
2.01324e+06 5.28868 1.95642e+06 
13.1629 1.94409e+06 51.2223 
1.8655e+06 117.074 1.81023e+06 
196.021 1.73378e+06 286.953 
1.66976e+06 383.461 1.63039e+06 
489.612 1.52151e+06 602.278 
1.45227e+06 709.621 1.37666e+06 
812.069 1.26293e+06 933.609 
1.1518e+06 1020.46 1.03017e+06 
1101.64 925560 1167.5 
750607 1239.79 622525 
1263.41 395468 1297.82 
107654 1290.74 88940.9 
1255.9 337888 1186.77 
617878 1052.3 746873 
889.255 902170 648.945 
1.05367e+06 200.033 1.16581e+06 
52.2504 1.28203e+06 21.4604 
1.37687e+06 4.59146 1.48736e+06 
10.1958 1.57183e+06 35.7204 
1.65644e+06 103.23 1.73476e+06 
176.394 1.79206e+06 263.653 
1.85988e+06 358.495 1.92953e+06 
464.77 1.9625e+06 567.72 
1.98496e+06 675.28 2.05615e+06 
784.278 2.06162e+06 880.693 
2.11339e+06 980.585 2.14081e+06 
1067.03 2.14724e+06 1127.15 
2.19357e+06 1192.71 2.18073e+06 
1224.18 2.19728e+06 1225.29 
2.16972e+06 1210.88 2.16923e+06 
1161.98 2.17035e+06 1118.19 
2.14144e+06 976.911 2.13893e+06 
795.484 2.09898e+06 460.618 
2.07708e+06 119.477 2.03913e+06 
38.4138 1.99099e+06 17.4186 
1.93943e+06 3.99502 1.90738e+06 
8.05328 1.84438e+06 23.1478 
1.80646e+06 84.8141 1.71519e+06 
155.824 1.63973e+06 241.26 
1.56565e+06 337.507 1.49083e+06 
443.423 1.3773e+06 545.938 
1.29821e+06 640.343 1.1682e+06 
744.609 1.05373e+06 841.972 
923212 936.472 756493 
1003.78 619467 1064.76 
346280 1126.65 91386.1 
1155.35 76744.2 1173.9 
311342 1150.04 643471 
1108.36 768571 1016.03 
925288 867.588 1.09567e+06 
678.796 1.18359e+06 268.766 
1.28043e+06 74.1781 1.4494e+06 
28.691 1.49811e+06 14.2209 
1.58717e+06 3.48616 1.67702e+06 
6.47187 1.74176e+06 15.4937 
1.79973e+06 55.3711 1.89015e+06 
144.258 1.96517e+06 217.465 
1.98702e+06 303.038 2.03685e+06 
404.009 2.06816e+06 508.748 
2.11177e+06 598.199 2.15814e+06 
707.874 2.18089e+06 800.603 
2.20575e+06 886.633 2.22972e+06 
959.882 2.20956e+06 1014.8 
2.22935e+06 1056.28 2.24923e+06 
1091.23 2.21606e+06 1086.11 
2.22289e+06 1057.59 2.22608e+06 
995.906 2.19557e+06 902.617 
2.15537e+06 747.071 2.14042e+06 
553.868 2.08467e+06 151.308 
2.04947e+06 49.0049 2.00768e+06 
21.8248 1.94721e+06 11.6817 
1.90108e+06 3.05253 1.8188e+06 
5.29944 1.76523e+06 11.132 
1.70186e+06 33.8078 1.5927e+06 
111.198 1.5083e+06 189.492 
1.40447e+06 282.331 1.31918e+06 
366.462 1.1974e+06 466.905 
1.0576e+06 569.806 896924 
661.058 741057 741.768 
595670 829.23 287734 
902.208 70969.7 952.894 
60078.1 988.639 242869 
1008.03 540048 1026.11 
741190 969.749 886519 
898.058 1.04269e+06 803.961 
1.2139e+06 658.441 1.30553e+06 
322.894 1.42459e+06 88.7466 
1.50073e+06 34.1007 1.61259e+06 
16.9074 1.6927e+06 9.65821 
1.77682e+06 2.68239 1.86694e+06 
4.40847 1.90947e+06 8.38483 
1.97736e+06 20.8447 2.03322e+06 
69.4569 2.07616e+06 162.632 
2.14736e+06 241.557 2.18704e+06 
332.047 2.195e+06 427.198 
2.20681e+06 518.476 2.22813e+06 
609.851 2.26396e+06 680.139 
2.279e+06 765.115 2.28368e+06 
835.91 2.24893e+06 885.771 
2.2619e+06 929.796 2.24838e+06 
938.145 2.25809e+06 930.804 
2.21474e+06 887.847 2.17975e+06 
799.323 2.15687e+06 672.199 
2.12866e+06 492.639 2.0813e+06 
159.255 2.02331e+06 54.8434 
1.98379e+06 24.6249 1.91498e+06 
13.3133 1.85528e+06 8.03733 
1.77022e+06 2.36523 1.70818e+06 
3.71259 1.59572e+06 6.51654 
1.53858e+06 13.6967 1.40678e+06 
37.7957 1.3055e+06 117.761 
1.1822e+06 208.34 1.05684e+06 
288.173 905916 380.811 
735478 461.403 546215 
559.269 236786 638.412 
55110.1 707.949 46052.1 
749.138 190851 810.787 
471805 834.126 717918 
859.968 888408 828.781 
1.05203e+06 781.833 1.17623e+06 
680.851 1.28656e+06 551.57 
1.42315e+06 266.341 1.54887e+06 
84.7249 1.66552e+06 35.8465 
1.72269e+06 18.2833 1.81568e+06 
10.631 1.8732e+06 6.73077 
1.92363e+06 2.09227 1.97293e+06 
3.15754 2.07392e+06 5.18951 
2.10665e+06 9.68084 2.15886e+06 
21.7118 2.1994e+06 64.0592 
2.22858e+06 162.574 2.24374e+06 
245.879 2.27317e+06 327.847 
2.3113e+06 413.083 2.29364e+06 
493.713 2.30535e+06 572.8 
2.28649e+06 636.861 2.33175e+06 
692.645 2.29858e+06 724.715 
2.27806e+06 753.711 2.25789e+06 
742.549 2.225e+06 730.792 
2.19474e+06 661.623 2.16501e+06 
546.483 2.08636e+06 347.237 
2.05426e+06 126.222 1.99439e+06 
50.1698 1.91474e+06 24.6697 
1.88221e+06 13.8977 1.77797e+06 
8.59283 1.72522e+06 5.67049 
1.62322e+06 1.85636 1.50204e+06 
2.70788 1.40918e+06 4.21762 
1.28933e+06 7.19778 1.19281e+06 
13.9929 1.04773e+06 33.3019 
864270 92.1238 714883 
206.834 507281 286.107 
197621 355.332 43487.9 
416.97 35917 498.802 
146193 563.757 385048 
612.86 687993 647.018 
842223 639.77 991118 
649.982 1.15723e+06 607.173 
1.28922e+06 551.54 1.40307e+06 
372.401 1.51972e+06 163.968 
1.60599e+06 65.4693 1.68403e+06 
31.9532 1.7981e+06 17.7073 
1.88463e+06 10.7821 1.99526e+06 
7.02079 2.02106e+06 4.80444 
2.10654e+06 1.65172 2.1111e+06 
2.33906 2.17446e+06 3.48531 
2.24471e+06 5.55493 2.22244e+06 
9.70387 2.28558e+06 19.2713 
2.30848e+06 45.1289 2.3145e+06 
111.904 2.32352e+06 214.805 
2.33439e+06 301.014 2.31772e+06 
366.983 2.32435e+06 424.066 
2.29274e+06 469.799 2.29786e+06 
512.308 2.27344e+06 557.337 
2.23667e+06 569.094 2.22535e+06 
534.513 2.17708e+06 499.052 
2.13568e+06 356.061 2.07245e+06 
183.204 2.02201e+06 77.9798 
1.94854e+06 38.6809 1.88719e+06 
21.6106 1.80155e+06 13.1372 
1.69398e+06 8.51416 1.64249e+06 
5.79247 1.50536e+06 4.09265 
1.43814e+06 1.4736 1.26443e+06 
2.0333 1.16399e+06 2.91956 
972682 4.40822 839157 
7.10054 685909 12.4288 
369564 24.013 140869 
50.9372 33621 114 
27594.9 202.64 106400 
301.545 292344 345.392 
619005 398.705 805713 
422.038 977947 445.769 
1.15855e+06 451.257 1.28524e+06 
408.906 1.38283e+06 287.976 
1.52946e+06 164.199 1.60769e+06 
83.657 1.7093e+06 43.1885 
1.78255e+06 24.8123 1.88159e+06 
15.3333 1.96768e+06 10.0111 
2.01251e+06 6.82689 2.08027e+06 
4.82148 2.12481e+06 3.50421 
2.18536e+06 1.31807 2.21335e+06 
1.77744 2.23299e+06 2.47327 
2.30968e+06 3.57425 2.3219e+06 
5.40776 2.35806e+06 8.64112 
2.34263e+06 14.6567 2.32875e+06 
26.3092 2.32779e+06 51.3956 
2.36402e+06 92.9094 2.34927e+06 
158.822 2.31187e+06 231.474 
2.31333e+06 279.22 2.24636e+06 
306.176 2.21102e+06 322.468 
2.19717e+06 271.268 2.12711e+06 
196.643 2.08752e+06 126.226 
2.02543e+06 73.3291 1.96083e+06 
43.6543 1.86991e+06 26.5096 
1.81674e+06 16.9333 1.71392e+06 
11.2933 1.61441e+06 7.79964 
1.46572e+06 5.54735 1.41233e+06 
4.04573 1.258e+06 3.01501 
1.11302e+06 1.18186 979824 
1.56156 805797 2.11507 
585463 2.94798 274879 
4.24562 100319 6.33963 
25287.8 9.81814 20687.8 
15.73 76074.2 25.8453 
208127 41.406 496243 
68.0609 772102 102.549 
902635 127.906 1.06356e+06 
140.464 1.22858e+06 143.026 
1.34245e+06 116.087 1.48273e+06 
81.8298 1.59203e+06 57.4876 
1.71139e+06 38.6205 1.7704e+06 
25.9257 1.87016e+06 17.5359 
1.94362e+06 12.1137 2.01149e+06 
8.56755 2.08654e+06 6.1904 
2.14343e+06 4.5606 2.16625e+06 
3.41993 2.22004e+06 2.60614 
2.26285e+06 1.15402 2.29929e+06 
1.41881 2.33835e+06 1.75524 
2.33767e+06 2.1839 2.38348e+06 
2.7306 2.37243e+06 3.42526 
2.36e+06 4.29689 2.34609e+06 
5.34748 2.35144e+06 6.53887 
2.31218e+06 7.7135 2.29918e+06 
8.73551 2.25639e+06 9.33113 
2.21454e+06 9.36189 2.17476e+06 
9.39924 2.1596e+06 9.28043 
2.06163e+06 9.03247 2.01065e+06 
8.30158 1.96412e+06 7.1683 
1.85047e+06 5.95086 1.77585e+06 
4.79475 1.68422e+06 3.83246 
1.58458e+06 3.05314 1.47254e+06 
2.43704 1.37186e+06 1.95322 
1.21816e+06 1.57372 1.08391e+06 
1.27567 941323 1.04073 
723412 1.32756 474782 
1.66431 203733 2.10871 
73895.8 2.70245 19226.5 
3.50731 15477 4.61344 
54907.4 6.15216 136007 
8.25353 323648 11.0763 
633475 14.1226 860607 
16.203 1.01956e+06 17.2028 
1.17383e+06 17.1254 1.30727e+06 
17.0258 1.43862e+06 17.2322 
1.58595e+06 16.7158 1.65501e+06 
15.3209 1.74809e+06 12.827 
1.88127e+06 9.6059 1.93263e+06 
7.11126 2.00969e+06 5.31371 
2.06257e+06 4.01 2.13018e+06 
3.06936 2.17924e+06 2.37961 
2.25138e+06 1.86684 2.25792e+06 
1.48095 2.30374e+06 1.18701 
2.33829e+06 1.53732 2.32216e+06 
1.97175 2.31938e+06 2.57169 
2.341e+06 3.42165 2.35258e+06 
4.66857 2.35176e+06 6.57496 
2.34231e+06 9.64326 2.32006e+06 
14.9225 2.30633e+06 21.9054 
2.27593e+06 27.7875 2.22208e+06 
30.3132 2.18551e+06 30.8407 
2.13395e+06 32.1287 2.06215e+06 
31.0195 2.01996e+06 32.2212 
1.93411e+06 30.46 1.839e+06 
29.0743 1.78566e+06 25.63 
1.67882e+06 18.2276 1.55747e+06 
11.869 1.43857e+06 7.92836 
1.34339e+06 5.5082 1.18762e+06 
3.97858 1.0025e+06 2.95341 
870306 2.24161 609815 
1.73318 310464 1.36117 
133270 1.79316 53680.2 
2.36257 14561.8 3.19322 
11611.1 4.45942 39737.3 
6.51621 90085.9 10.1821 
211090 17.3551 482188 
30.8787 795492 42.1441 
948699 47.2362 1.14483e+06 
50.4375 1.24764e+06 52.6907 
1.38544e+06 55.6249 1.52173e+06 
54.6696 1.62055e+06 53.8212 
1.74553e+06 50.6687 1.819e+06 
48.5486 1.88068e+06 45.1272 
1.97808e+06 36.2171 2.06035e+06 
23.7117 2.13488e+06 13.1738 
2.15068e+06 8.05033 2.20894e+06 
5.35492 2.23501e+06 3.74991 
2.26652e+06 2.7299 2.34211e+06 
2.04668 2.31361e+06 1.56996 
2.32607e+06 2.10823 2.34215e+06 
2.86779 2.34477e+06 4.0524 
2.34589e+06 6.03333 2.30397e+06 
9.69317 2.3034e+06 17.977 
2.30343e+06 35.6787 2.25102e+06 
56.4559 2.20024e+06 65.959 
2.15134e+06 74.4681 2.13029e+06 
80.0566 2.05207e+06 85.0205 
1.96571e+06 85.3514 1.91366e+06 
84.271 1.82455e+06 84.0013 
1.70862e+06 81.8366 1.64362e+06 
76.3422 1.51874e+06 69.624 
1.39647e+06 60.3185 1.24672e+06 
48.8021 1.08812e+06 25.0056 
910772 12.8558 788887 
7.57998 488634 4.89745 
209287 3.38009 88156 
2.44132 38810.6 1.8221 
10964.7 2.50026 8768.81 
3.53327 29264.5 5.28245 
63286.7 8.57644 140324 
15.7653 330122 35.7353 
627269 67.4149 821844 
80.3932 1.01598e+06 95.0327 
1.18934e+06 105.227 1.318e+06 
113.53 1.46044e+06 117.988 
1.55701e+06 120.31 1.65154e+06 
118.727 1.78811e+06 116.983 
1.87217e+06 113.904 1.93303e+06 
112.948 1.97704e+06 101.055 
2.07289e+06 88.4902 2.1332e+06 
77.0461 2.17609e+06 50.8791 
2.2025e+06 23.513 2.26077e+06 
11.4835 2.2882e+06 6.62561 
2.29e+06 4.26787 2.31807e+06 
2.94509 2.31711e+06 2.1289 
2.30939e+06 2.99339 2.32983e+06 
4.42822 2.29553e+06 7.1182 
2.26777e+06 13.0208 2.2316e+06 
29.2858 2.2413e+06 68.0443 
2.16228e+06 95.0995 2.13206e+06 
114.688 2.05187e+06 131.794 
2.00023e+06 142.559 1.94177e+06 
151.218 1.84703e+06 159.416 
1.75063e+06 159.111 1.65648e+06 
157.986 1.5679e+06 157.959 
1.4428e+06 154.074 1.34795e+06 
145.411 1.19944e+06 136.095 
1.03309e+06 122.606 865850 
105.65 652847 87.3208 
329819 47.2883 139035 
19.0968 62539 9.36956 
28686.6 5.51638 8312.01 
3.59813 6680.16 2.50516 
21873.4 3.62088 45344.4 
5.65953 91559.3 9.98825 
205799 21.5954 454582 
58.9952 735319 105.31 
923403 129.638 1.08215e+06 
153.929 1.22991e+06 168.672 
1.39141e+06 184.844 1.4961e+06 
197.887 1.64796e+06 200.849 
1.73362e+06 208.101 1.7925e+06 
205.519 1.90579e+06 204.677 
1.95927e+06 199.952 2.02933e+06 
193.485 2.10137e+06 179.14 
2.12138e+06 161.686 2.17562e+06 
142.506 2.20119e+06 118.773 
2.25161e+06 85.76 2.25746e+06 
35.275 2.28008e+06 14.023 
2.27788e+06 7.33482 2.28321e+06 
4.45889 2.27745e+06 2.97031 
2.26063e+06 4.42911 2.23321e+06 
7.39768 2.24535e+06 14.6624 
2.21689e+06 40.287 2.10246e+06 
102.966 2.07765e+06 140.936 
2.00206e+06 167.903 1.96523e+06 
195.797 1.87826e+06 212.948 
1.80149e+06 231.199 1.74042e+06 
240.422 1.59889e+06 247.017 
1.51206e+06 250.88 1.36247e+06 
250.796 1.21439e+06 250.761 
1.07222e+06 247.392 929516 
234.755 714883 222.256 
426933 205.312 198312 
183.238 90277.7 153.442 
44879.9 122.339 21563.4 
68.194 6378.84 22.6183 
5127.57 10.0943 16459.2 
5.61353 32746.6 3.55 
61294.5 5.48346 122065 
9.92344 257635 22.8157 
515715 74.7367 829537 
137.089 982483 174.812 
1.12401e+06 215.343 1.29501e+06 
242.694 1.38784e+06 263.887 
1.51781e+06 276.687 1.63929e+06 
294.303 1.70302e+06 299.255 
1.82719e+06 302.088 1.8872e+06 
301.194 1.95277e+06 304.44 
1.99766e+06 298.697 2.09733e+06 
290.976 2.10553e+06 274.402 
2.16547e+06 247.732 2.19154e+06 
230.118 2.22226e+06 197.508 
2.23404e+06 155.37 2.19489e+06 
117.138 2.21695e+06 40.0925 
2.22643e+06 14.4501 2.19199e+06 
7.19056 2.18489e+06 4.27838 
2.14093e+06 6.8771 2.11727e+06 
13.7122 2.0693e+06 38.7301 
2.03198e+06 116.761 1.94974e+06 
182.869 1.91052e+06 225.779 
1.82478e+06 254.056 1.74087e+06 
285.742 1.63013e+06 312.536 
1.51786e+06 329.855 1.4167e+06 
344.709 1.28295e+06 354.818 
1.12613e+06 360.433 969734 
357.012 814762 358.908 
488018 356.965 240636 
338.54 117045 321.944 
60295.3 302.205 32479 
273.601 16376.7 240.467 
5077.37 197.91 4106.88 
155.05 12562.5 72.7511 
23951.9 21.6243 42101.9 
9.38374 74815.2 5.20155 
141209 8.74581 288343 
19.5613 565611 67.9682 
863976 170.279 1.00452e+06 
217.284 1.15276e+06 263.829 
1.30568e+06 303.875 1.4351e+06 
335.369 1.53367e+06 365.193 
1.62666e+06 387.344 1.73878e+06 
398.651 1.78622e+06 410.123 
1.88816e+06 415.976 1.96416e+06 
411.328 2.00613e+06 414.203 
2.04135e+06 405.964 2.08415e+06 
394.324 2.12349e+06 378.675 
2.14806e+06 354.449 2.1671e+06 
326.294 2.156e+06 286.193 
2.20149e+06 242.946 2.18775e+06 
188.587 2.11627e+06 121.467 
2.12838e+06 34.269 2.07864e+06 
12.4897 2.04628e+06 6.38335 
1.99479e+06 11.2984 1.95168e+06 
28.7575 1.86382e+06 113.738 
1.83323e+06 200.834 1.69983e+06 
265.919 1.63453e+06 317.012 
1.5065e+06 354.624 1.42941e+06 
391.595 1.28257e+06 413.585 
1.14658e+06 435.628 1.00026e+06 
458.173 908638 472.793 
583559 483.705 282608 
468.362 136439 467.742 
73157.8 466.019 41641.4 
451.181 23922.2 428.413 
12598.2 409.823 4115.81 
374.16 3388.29 335.494 
9788.21 289.844 17965.9 
233.148 29906.7 182.43 
49382.9 55.302 84767.7 
17.0383 157479 7.91407 
330216 14.8728 656627 
44.2903 885266 165.506 
1.01962e+06 241.982 1.15829e+06 
321.361 1.31574e+06 362.896 
1.4386e+06 408.204 1.52197e+06 
444.784 1.66723e+06 474.069 
1.7414e+06 501.199 1.75224e+06 
520.013 1.87604e+06 533.496 
1.94538e+06 538.787 1.97236e+06 
535.889 1.96781e+06 529.423 
2.01199e+06 527.175 2.08352e+06 
512.206 2.08025e+06 489.349 
2.0502e+06 456.462 2.06088e+06 
425.331 2.06585e+06 386.277 
2.0659e+06 341.823 2.01696e+06 
285.831 1.98671e+06 209.121 
1.97256e+06 88.7509 1.91471e+06 
24.046 1.86028e+06 9.91885 
1.8111e+06 19.9514 1.71673e+06 
72.5496 1.61107e+06 217.509 
1.55174e+06 290.825 1.43686e+06 
367.061 1.31214e+06 421.2 
1.19334e+06 457.366 1.01696e+06 
507.066 866656 535.843 
648889 560.612 334381 
577.55 157676 593.386 
83691.3 604.473 48906.7 
591.278 29791.5 596.009 
18007 591.799 9861.51 
573.546 3436.44 552.342 
2883.43 524.144 7781.09 
480.033 13761.3 434.445 
21956.5 383.229 34333.5 
329.401 54931.4 254.474 
93149.5 142.151 175217 
35.1061 342985 12.5616 
612577 27.0997 886279 
118.254 1.02319e+06 250.962 
1.13293e+06 330.941 1.26522e+06 
410.429 1.40372e+06 464.334 
1.52318e+06 513.85 1.58372e+06 
555.125 1.65378e+06 589.092 
1.75925e+06 621.874 1.77277e+06 
638.485 1.84361e+06 660.051 
1.92554e+06 668.123 1.91514e+06 
665.373 1.98579e+06 665.724 
1.96811e+06 643.061 1.97142e+06 
634.022 2.01281e+06 605.676 
1.95188e+06 570.037 1.96143e+06 
534.296 1.94524e+06 483.931 
1.9313e+06 435.837 1.86413e+06 
371.224 1.78563e+06 291.901 
1.73322e+06 198.416 1.68793e+06 
53.1537 1.60964e+06 16.0589 
1.50917e+06 37.539 1.42185e+06 
164.433 1.28119e+06 285.554 
1.11442e+06 396.308 994843 
462.111 900143 520.773 
604053 581.4 332843 
619.759 173050 656.703 
92974.7 679.707 54777.1 
703.489 34278 724.685 
21983.8 730.093 13838.8 
726.006 7863.45 724.18 
2955.59 714.723 2536.87 
696.816 6310.03 668.825 
10764.2 634.889 16563.1 
596.016 24783.6 553.166 
37415.1 481.578 58446.7 
418.909 95859.7 333.666 
168571 240.019 312747 
81.8623 551947 20.6939 
854361 54.0317 997253 
214.499 1.14895e+06 331.78 
1.2437e+06 430.049 1.37102e+06 
510.499 1.44251e+06 580.281 
1.55096e+06 627.357 1.62092e+06 
672.89 1.68602e+06 715.141 
1.72342e+06 743.348 1.77647e+06 
772.512 1.81467e+06 790.009 
1.83117e+06 797.109 1.84989e+06 
795.514 1.87696e+06 797.705 
1.832e+06 783.095 1.92293e+06 
757.686 1.84781e+06 730.4 
1.78272e+06 692.618 1.75122e+06 
655.417 1.7247e+06 601.257 
1.67927e+06 541.716 1.65658e+06 
464.281 1.51886e+06 381.702 
1.42722e+06 274.918 1.34398e+06 
119.211 1.22906e+06 26.6385 
1.13857e+06 77.4483 1.01142e+06 
264.988 818665 379.795 
584887 481.151 320789 
561.59 166231 631.449 
95095.5 684.71 58269 
734.793 37377.3 777.185 
24791.1 809.979 16611.5 
838.652 10828.2 854.13 
6383.67 859.552 2608.97 
861.227 2290.54 854.276 
5220.41 840.147 8585.22 
823.598 12787.3 795.178 
18420.5 760.971 26491.2 
706.012 38736.6 661.902 
58403.4 581.479 92069 
514.755 152937 422.346 
272232 317.774 485737 
161.754 741936 33.8354 
924330 102.474 1.05256e+06 
296.523 1.15078e+06 425.143 
1.26438e+06 530.866 1.33409e+06 
615.757 1.45637e+06 678.035 
1.54435e+06 747.102 1.59065e+06 
799.348 1.62882e+06 835.51 
1.65492e+06 870.642 1.70593e+06 
904.71 1.72278e+06 908.89 
1.72944e+06 924.588 1.70109e+06 
920.353 1.73354e+06 918.875 
1.6734e+06 909.583 1.70066e+06 
891.206 1.63468e+06 857.641 
1.57853e+06 812.56 1.49857e+06 
768.104 1.4411e+06 707.644 
1.36672e+06 649.65 1.29785e+06 
554.067 1.17271e+06 475.354 
1.04318e+06 349.237 918366 
218.389 769924 42.4873 
470619 134.206 275983 
332.254 157707 457.031 
92109.1 555.853 58122.5 
663.11 38549.5 733.276 
26368.8 807.778 18350.9 
858.955 12762.3 903.361 
8596.92 937.911 5258.84 
951.211 2348.9 977.796 
2106.46 999.703 4403.38 
992.699 6982.19 990.157 
10059.5 971.325 14026.2 
949.979 19390.8 926.427 
26971.3 866.602 38193.2 
822.091 55562.8 762.841 
83864.8 697.339 133880 
611.194 226576 511.383 
383732 388.87 612425 
249.768 876217 54.8054 
1.01049e+06 169.866 1.12254e+06 
372.241 1.19816e+06 493.815 
1.2886e+06 616.666 1.33606e+06 
709.812 1.36857e+06 782.813 
1.48391e+06 849.743 1.50241e+06 
911.915 1.51435e+06 965.351 
1.54068e+06 992.095 1.55756e+06 
1021.37 1.5517e+06 1038.29 
1.54381e+06 1055.23 1.51565e+06 
1060.93 1.49722e+06 1056.67 
1.41641e+06 1038.4 1.42153e+06 
1022.6 1.35417e+06 984.257 
1.26938e+06 939.471 1.16018e+06 
880.832 1.08273e+06 817.274 
987685 733.313 822521 
650.416 582284 556.435 
383466 436.562 223555 
295.547 131512 69.8764 
83723.2 209.664 55275.3 
392.631 37754.4 545.362 
26582.2 660.327 19069.2 
756.638 13797.7 834.512 
9905.76 910.276 6867.7 
965.822 4353.14 1021.33 
2105.06 1062.62 1955.23 
1083.93 3751.07 1105.37 
5737.17 1128.62 8051.66 
1110.78 10903.4 1120.28 
14571.3 1087.22 19497.4 
1069.3 26301.6 1037.2 
36107.8 994.677 50770.9 
939.326 73719.3 873.657 
111230 785.945 175127 
689.13 284033 599.038 
442177 465.274 627040 
319.938 821376 83.8132 
940003 233.628 1.06047e+06 
433.027 1.12545e+06 570.917 
1.22388e+06 690.188 1.24217e+06 
798.277 1.27903e+06 890.332 
1.31515e+06 962.232 1.31184e+06 
1028.16 1.36001e+06 1073.29 
1.3298e+06 1113.99 1.34492e+06 
1148.66 1.336e+06 1169.9 
1.28898e+06 1182.46 1.27631e+06 
1192.62 1.17781e+06 1180.79 
1.12399e+06 1150.89 1.0602e+06 
1129.45 952092 1090.94 
804599 1047.11 656261 
995.695 451714 925.592 
277174 846.495 171479 
753.553 110066 630.075 
72865.3 512.275 50126.2 
361.554 35314 100.931 
25333.4 268.52 18750.9 
453.097 13956.1 609.461 
10415.6 744.889 7669.3 
847.482 5475.59 933.072 
3594.6 1009.95 1890.34 
1078.86 1788.24 1136.75 
3219.64 1174.84 4756.17 
1211.35 6498.18 1232.6 
8587.75 1240.97 11166.7 
1244.14 14462.9 1244.47 
18811 1223.84 24692.1 
1204.16 32903.7 1153.28 
44639.8 1102.01 61872.7 
1042.23 87442.6 968.794 
126014 878.938 185482 
785.399 277218 687.88 
410605 546.357 564149 
390.786 722651 115.324 
814720 285.59 1.00139e+06 
479.125 1.01245e+06 649.329 
1.05614e+06 778.804 1.08711e+06 
886.906 1.12739e+06 971.5 
1.13938e+06 1051.64 1.09877e+06 
1132.7 1.09289e+06 1196.39 
1.09075e+06 1228.95 1.00694e+06 
1263.86 1.02497e+06 1295.69 
920823 1297.89 879978 
1297.35 706461 1304.77 
549051 1273.76 408886 
1248.19 289125 1208.47 
195657 1160.62 128267 
1092.4 87009.2 1021.48 
61336.4 934.836 44172.8 
843.453 32379.4 704.108 
24082.3 562.231 18017.9 
402.392 13461.5 127.084 
10022.6 306.154 7740.28 
515.21 5844.75 681.12 
4278.19 799.763 2897.69 
921.846 1645.83 1027.4 
1598.88 1115.38 2723.16 
1173.62 3909.23 1235.48 
5234.97 1273.38 6779.66 
1314.74 8616.32 1345.22 
10877.2 1354.84 13729 
1363.18 17422.6 1349.37 
22287.7 1337.49 28783 
1306.33 37617.3 1263.75 
49656.4 1212.22 66231.9 
1146.19 89167.4 1076.05 
122669 980.772 173511 
865.101 240082 734.076 
312928 598.101 391721 
415.653 510096 140.342 
615664 332.539 708135 
524.981 730104 694.154 
791078 855.777 850489 
965.058 813922 1058.22 
786452 1150.05 805243 
1213.61 683497 1282.39 
617894 1334.91 493646 
1365.64 414729 1407.3 
320416 1417.84 234339 
1411.8 171585 1412.92 
123323 1384 90620.4 
1341.03 67027.6 1301.27 
49717.2 1248.31 37403.3 
1181.72 28490 1095.93 
21917.3 1006.5 16976.2 
893.898 13185.4 771.915 
10184.3 618.259 7764.01 
447.014 5767.08 141.502 
4105.65 322.241 3134.4 
543.463 2203.72 729.125 
1286.86 882.68 1312.96 
998.708 2212.7 1089.06 
3140.6 1185.46 4148.26 
1276.49 5282.95 1343.01 
6586.44 1392.24 8158.16 
1418.42 10070 1451.94 
12397.9 1471.32 15359.2 
1457.63 19133.6 1473.61 
23964.3 1443.04 30201.3 
1399.77 38231.7 1356.52 
48688.6 1302.94 62437.4 
1229.91 80037.5 1135.77 
100961 1039.16 126098 
924.942 160075 803.382 
203450 650.456 252924 
452.987 295897 138.073 
316686 329.902 347247 
540.68 369795 743.03 
358843 896.829 349370 
1016.77 340980 1121.71 
296583 1229.29 252222 
1293.61 203032 1377.87 
162435 1440.79 130201 
1468.68 101857 1486.54 
79837.5 1502.23 62556.6 
1496.91 49025.2 1514.66 
38486.5 1478.43 30253.7 
1460.85 23905.4 1413.7 
18996 1350.86 15159.8 
1271.46 12159.8 1164.09 
9736.79 1076.13 7735.45 
951.42 6099.57 808.836 
4703 646.958 3449.84 
462.798 2289.18 134.504 
1282.54 298.304 841.608 
558.765 657.368 758.222 
835.348 900.523 986.853 
1059.15 1096.94 1180.02 
1223.55 1251.76 1316.41 
1342.42 1381.28 1420.94 
1440.83 1466 1485.64 
1492.82 1521.81 1542.59 
1556.88 1557.67 1561.99 
1558.29 1548.36 1552.72 
1550.54 1526.57 1502.63 
1487.08 1471.97 1454.44 
1430.4 1384.71 1348.45 
1300.04 1249.41 1214.46 
1161.49 1105.05 1047.97 
982.727 914.921 825.757 
746.292 666.63 547.044 
467.368 307.929 130.297 
117.257 275.18 465.713 
556.312 655.428 766.913 
836.924 927.682 1000.66 
1056.35 1132.58 1178.7 
1237.6 1292.53 1347.07 
1367.4 1422.43 1459.61 
1463.23 1500.46 1518.98 
1556.23 1580.12 1570.39 
1601.49 1600.68 1605.18 
1592.47 1591.47 1595.39 
1572.9 1575.02 1553.61 
1537.2 1502.68 1467.75 
1438.74 1404.04 1375.19 
1337.27 1294.33 1235.86 
1179.94 1125.79 1068.41 
983.907 928.843 850.506 
753.795 666.788 548.849 
463.902 275.805 116.045 
104.308 256.217 479.087 
558.387 668.33 798.199 
847.692 935.389 1042.02 
1079.85 1153.82 1205.89 
1247.82 1305.3 1365.8 
1397.27 1439.01 1478.5 
1490.57 1538.81 1560.39 
1585.17 1598.52 1619.02 
1643.1 1624.54 1640.14 
1648.11 1621.4 1634.73 
1629.01 1608.38 1583.85 
1566.04 1542.31 1506.09 
1492.37 1453.84 1397.83 
1361.39 1311.04 1273.78 
1217.39 1140.36 1096.97 
1008.24 939.661 865.493 
756.591 654.708 539.862 
437.774 232.048 97.4988 
87.6893 209.139 413.732 
546.657 648.481 749.458 
858.033 935.419 1026.27 
1079.98 1164.73 1228.43 
1293.09 1345.01 1382.37 
1425.55 1468.34 1506.05 
1554.39 1580.41 1601.21 
1619.48 1632.31 1629.88 
1661.97 1671.27 1671.59 
1649.71 1660.3 1652.62 
1657.07 1617.93 1609.92 
1590.86 1559.1 1527.14 
1493.1 1464.11 1425.58 
1375.71 1327.16 1266.86 
1214.1 1146.32 1098.11 
1004.74 926.257 837.914 
761.603 665.187 551.106 
409.572 196.594 81.6708 
71.9635 168.026 362.637 
525.096 647.73 767.911 
860.54 934.361 1029.88 
1115.69 1177.97 1252.27 
1296.51 1345.6 1392.5 
1448.74 1486.69 1527.43 
1557.16 1575.72 1618.87 
1646.19 1651.21 1672.21 
1697.51 1677.61 1684.06 
1680.85 1698.28 1679.38 
1674.18 1650.64 1635.24 
1614.49 1594.31 1557.8 
1516.25 1477.12 1433.4 
1407.99 1335.41 1298.79 
1222.55 1178.27 1091.24 
1014.07 937.17 851.677 
764.017 620.211 522.397 
375.623 166.277 68.468 
59.6458 134.418 308.02 
514.724 636.429 727.318 
839.318 919.283 1025.64 
1101.26 1148.5 1223.99 
1297.99 1355.27 1421.12 
1482 1512.6 1541.82 
1592.57 1598.35 1646.32 
1648.23 1663.15 1693.03 
1702.84 1710.73 1721.97 
1683.52 1702.55 1689.72 
1685.08 1672.25 1640.22 
1632.58 1589.51 1567.57 
1550.23 1492.66 1457.52 
1409.38 1351.5 1281.83 
1243.27 1158.72 1096.29 
1008.4 926.733 825.594 
719.399 613.764 488.025 
287.161 126.921 57.0406 
49.164 101.58 235.935 
461.313 587.798 705.218 
847.777 923.08 998.198 
1105.12 1160.62 1246.64 
1302.7 1361.62 1390.7 
1451.08 1491.34 1541.96 
1577.54 1592.85 1649.9 
1655.29 1687.9 1703.68 
1730.22 1731.92 1709.97 
1714.03 1745.68 1721.84 
1712.06 1693.14 1643.39 
1646.74 1616.21 1575.94 
1532.7 1510.79 1450.17 
1402.97 1358.73 1289.41 
1235.9 1144.58 1075.82 
991.214 916.016 807.548 
710.377 595.801 447.514 
222.424 95.146 46.8342 
40.0355 76.5718 177.737 
390.479 562.821 656.685 
783.538 879.325 974.822 
1072.91 1155.4 1221.38 
1288.78 1366.3 1409.21 
1478.19 1512.65 1565.26 
1591.61 1626.46 1658.25 
1663.05 1690.29 1715.72 
1716.25 1727.1 1734.65 
1728.38 1717.16 1721.03 
1686.24 1696.91 1659.29 
1653.25 1617.49 1580.22 
1549.83 1500.2 1454.11 
1411.41 1346.62 1286.44 
1213.37 1167.26 1074.16 
989.38 896.315 792.118 
675.111 533.635 367.186 
168.309 72.6465 38.3252 
32.5819 58.3522 123.529 
277.004 498.905 643.802 
752.459 866.84 958.636 
1049.64 1125.45 1190.58 
1276.41 1343.73 1391.64 
1448.51 1496.78 1529.5 
1587.25 1625.61 1632.37 
1672.85 1700.36 1736.31 
1720.93 1710.67 1715.08 
1727.8 1738.8 1725.78 
1730.09 1706.32 1669.96 
1641.09 1627.99 1585.66 
1543.51 1498.36 1440.9 
1397.85 1341.74 1270.86 
1195.7 1147.65 1013.33 
952.076 841.733 733.143 
628.629 445.644 249.553 
116.133 55.7258 31.3607 
26.5833 44.6539 84.3263 
179.83 372.363 583.808 
702.321 807.101 913.775 
1036.5 1099 1178.9 
1266.42 1309.47 1373.69 
1434.79 1481.25 1531.75 
1580.33 1577.97 1631.68 
1662.06 1667.76 1711.5 
1730.57 1721.98 1732.74 
1735.32 1713.66 1709.86 
1686.81 1680.14 1654.86 
1617.25 1599.57 1561.71 
1514.22 1487.46 1428.7 
1359.71 1327.78 1240.29 
1169.34 1096.79 1001.16 
936.77 811.736 681.252 
600.303 366.073 169.364 
79.8879 42.8246 25.6837 
21.7802 34.6145 60.4726 
121.727 275.807 517.801 
626.168 760.546 864.934 
966.757 1061.44 1139.62 
1215.18 1296.65 1362.59 
1426.26 1462.15 1496.57 
1545.14 1610.13 1629.44 
1654.16 1658.67 1710.17 
1680.17 1702.38 1714.43 
1700.75 1728.6 1691.87 
1700.04 1689.92 1667.56 
1611.23 1582.16 1546.86 
1510.78 1448.48 1415.73 
1351.88 1280.31 1208.61 
1136.39 1062.03 961.438 
855.661 737.04 623.12 
495.908 266.629 117.401 
57.9479 33.3608 21.1151 
17.9494 27.2437 44.8303 
83.0736 177.878 365.109 
562.896 689.401 810.809 
916.462 1020.58 1099.99 
1187.16 1241.47 1290.37 
1368.59 1439.26 1481.27 
1506.62 1558.46 1583.21 
1607.64 1640.23 1684.11 
1676.43 1690.59 1679.71 
1686.66 1682.81 1660.88 
1648.1 1648.14 1618.11 
1575.54 1555.5 1524.14 
1486.52 1432.31 1358.71 
1321.37 1245.1 1186.69 
1089.63 1002.67 907.256 
809.927 680.845 566.116 
355.248 168.907 79.4943 
43.1862 26.3793 17.4572 
14.8755 21.6801 33.711 
57.3548 110.629 232.73 
437.507 611.261 724.702 
838.169 944.463 1031.94 
1129.15 1185.9 1295.27 
1330.67 1383.63 1429.48 
1493.66 1518.13 1586.23 
1592 1603.41 1627.59 
1646.24 1663.21 1653.46 
1673.3 1677.12 1643.33 
1618.22 1624 1585.8 
1564.55 1518.36 1474.98 
1425.5 1376.78 1320.91 
1252.51 1169.44 1145.3 
1008.9 953.907 818.223 
742.069 619.609 412.018 
213.914 103.484 54.7643 
32.5451 21.0547 14.5047 
12.3897 17.4067 25.725 
40.704 70.5079 134.292 
269.171 490.952 655.373 
751.366 884.736 962.48 
1073.87 1141.61 1205.61 
1297.86 1322.58 1406.83 
1441.5 1473.37 1510.09 
1545.46 1554.91 1592.6 
1608.95 1626.61 1595.17 
1612.04 1601.01 1588.86 
1599.44 1570.84 1550.26 
1511.83 1471.3 1446.52 
1386.91 1339.22 1281.19 
1223.46 1136.7 1065.86 
954.222 867.396 734.925 
649.125 465.029 246.642 
122.476 65.8685 38.9187 
24.8856 16.9435 12.1066 
10.3712 14.1015 19.9335 
29.6079 46.7434 79.3644 
149.201 299.047 535.411 
709.957 756.921 880.802 
982.32 1045.32 1143.18 
1207.22 1266.36 1341.04 
1365.23 1406.97 1455.25 
1503.52 1515.1 1549.2 
1541.6 1575.58 1556.06 
1576.76 1593.64 1550.69 
1546.43 1507.24 1484.74 
1461.22 1415.18 1369.65 
1323.15 1260.11 1223.56 
1125.42 1069.16 969.396 
864.896 764.162 688.923 
542.239 297.27 142.314 
75.1123 44.572 28.5257 
19.3565 13.7621 10.1549 
8.7275 11.5308 15.6969 
22.1679 32.7536 51.2483 
86.8431 167.619 334.487 
536.181 691.78 781.183 
875.079 992.247 1064.87 
1117.47 1192.94 1256.76 
1291.21 1369.6 1401.77 
1435.42 1443.43 1466.96 
1511.63 1506.71 1492.49 
1516.07 1491.15 1487.74 
1465.27 1442.78 1421.15 
1380.14 1338.78 1322.75 
1250.24 1182.08 1116.13 
1037.25 975.328 882.14 
778.636 689.355 522.083 
322.577 165.629 85.3601 
49.6972 31.7181 21.5398 
15.3134 11.2859 8.5632 
7.38445 9.51635 12.5535 
17.0341 23.9335 35.1742 
55.0267 94.1762 171.941 
317.749 533.768 676.036 
766.176 861.698 954.264 
1031.38 1124.97 1172.65 
1223.37 1273.44 1292.53 
1351.69 1367.53 1374.29 
1441.63 1421.33 1417.09 
1434.37 1425.93 1413.51 
1401.7 1386.29 1347.27 
1313.24 1271.29 1226.4 
1159.62 1105.71 1057.45 
943.731 858.622 754.419 
672.182 526.639 303.673 
162.482 90.7832 53.8303 
34.3956 23.378 16.6548 
12.2971 9.34005 7.25991 
6.28184 7.92211 10.177 
13.3645 18.0279 25.1556 
36.662 56.226 91.4684 
160.143 286.943 479.309 
652.038 753.494 836.431 
910.105 1007.86 1064.12 
1125.1 1154.76 1215.43 
1265.45 1288.55 1317.37 
1307.73 1341.91 1367.61 
1312.87 1375.7 1321.31 
1304.02 1270.75 1245.58 
1229.21 1194.07 1116.22 
1048.41 994.408 931.415 
820.41 774.939 632.277 
470.748 290.064 157.062 
88.1849 54.6056 35.8498 
24.6635 17.6859 13.1195 
10.0005 7.7937 6.187 
5.37156 6.64708 8.34726 
10.6638 13.9043 18.5821 
25.5809 36.457 54.1086 
84.2069 140.246 247.773 
417.364 587.983 715.716 
789.977 853.358 932.327 
993.568 1053.06 1131.22 
1138.61 1178.55 1205.17 
1236.2 1232.25 1235.71 
1239.28 1251.75 1205.32 
1225.66 1171.7 1157.74 
1083.22 1039.9 1004.15 
934.979 858.922 767.634 
671.709 595.173 405.451 
239.117 139.799 83.7954 
53.1178 35.7101 25.1034 
18.264 13.6777 10.4963 
8.22152 6.55182 5.29863 
4.6157 5.61717 6.91636 
8.6307 10.9377 14.1126 
18.5931 25.0942 34.8395 
50.0842 75.2277 120.056 
199.89 322.309 492.912 
668.944 729.713 826.223 
865.091 921.027 971.001 
978.291 1082.15 1070.16 
1089.43 1111.09 1128.45 
1117.88 1114.4 1098.23 
1070.5 1013.56 1031.25 
966.741 917.726 850.919 
790.89 729.745 636.528 
466.565 311.467 194.175 
116.106 73.6287 49.4162 
34.3504 24.705 18.3068 
13.9039 10.7818 8.51168 
6.8242 5.54514 4.55896 
3.98454 4.77778 5.78252 
7.07176 8.75034 10.9716 
13.9643 18.0791 23.8747 
32.2858 44.936 64.5773 
96.0688 149.026 235.279 
352.59 479.93 623.62 
688.323 791.323 833.914 
877.923 910.75 925.618 
955.309 942.892 974.166 
951.107 963.539 963.316 
932.618 919.074 872.818 
809.81 767.319 712.573 
606.043 477.863 359.641 
232.579 144.295 93.4762 
63.1173 44.0806 31.8057 
23.5559 17.8391 13.78 
10.8297 8.63997 6.98484 
5.71338 4.72239 3.93987 
3.45471 4.08815 4.87366 
5.85736 7.10257 8.69745 
10.7667 13.4907 17.137 
22.1135 29.0495 38.9066 
53.2164 74.2875 105.624 
152.522 224.78 324.231 
422.045 533.112 606.934 
729.177 731.605 764.644 
781.997 812.966 821.379 
797.514 790.517 783.166 
734.888 740.816 678.433 
628.577 520.323 415.818 
313.943 222.552 157.428 
107.099 73.505 52.3028 
38.2415 28.6003 21.8131 
16.9242 13.3296 10.6405 
8.59719 7.02221 5.79242 
4.82082 4.04491 3.41915 
3.00771 3.51739 4.13765 
4.89803 5.83757 7.00826 
8.48029 10.3497 12.7498 
15.8682 19.9691 25.4233 
32.7486 42.6478 56.0636 
74.4771 101.535 140.086 
186.679 238.576 297.161 
379.845 450.982 514.941 
525.329 573.191 611.477 
584.679 566.735 572.795 
500.829 449.914 365.399 
303.98 244.569 183.258 
136.221 99.9665 74.6018 
56.1971 42.386 32.372 
25.093 19.7153 15.6788 
12.6062 10.2374 8.39035 
6.93516 5.77763 4.84856 
4.0966 3.48319 2.97911 
2.62878 3.0418 3.53606 
4.13074 4.85027 5.72598 
6.7983 8.11984 9.75946 
11.8075 14.382 17.6357 
21.7629 27.0074 33.6797 
42.242 53.3166 66.9884 
82.9432 101.937 126.887 
158.366 194.551 224.728 
238.302 260.47 275.42 
266.921 260.012 253.469 
224.806 192.405 156.446 
126.508 104.291 83.4606 
66.4273 52.7854 41.9891 
33.5291 26.8268 21.5628 
17.4516 14.2286 11.6842 
9.66067 8.03979 6.73256 
5.67143 4.80468 4.09243 
3.50374 3.01445 2.60558 
