0 0 0 
0 0 0 
0 0 0 
0 0 0 
0 0 0 
0 0 0 
0 0.000292517 -0.00073492 
-0.0592688 -0.0993083 -0.194965 
-0.0710934 -0.100783 -0.151386 
-0.229303 -0.0422551 -0.0816858 
-0.128845 -0.103273 -0.0224608 
-0.0222709 0.0023847 0 
0 0 0 
0 0 0 
0 0 0 
0 0 0 
0 0 0 
0 0 0 
0 0 0 
0 0 0 
0 0 0 
0 0 0 
0 0 0 
0 0.00280052 -0.0223289 
-0.130006 -0.131534 -0.0867019 
0.502137 0.966784 1.90609 
0.923072 2.46695 1.48394 
2.9058 1.54951 0.965981 
1.48634 0.925783 0.122518 
0.219178 -0.199476 -0.110194 
-0.00704753 0.000274469 2.78217e-05 
0 0 0 
0 0 0 
0 0 0 
0 0 0 
0 0 0 
0 0 0 
0 0 0 
0 0 0 
0 0 0 
0 0 0.00650385 
-0.0550654 -0.159879 0.054773 
1.23359 1.66076 2.16771 
2.95325 1.36736 2.86956 
1.89146 2.6867 1.3867 
1.12152 2.77635 2.7299 
2.31824 1.73479 3.98007 
1.72516 1.6287 1.19903 
0.0826732 -0.0888202 -0.0714876 
0.00439202 5.00303e-06 0 
0 0 0 
0 0 0 
0 0 0 
0 0 0 
0 0 0 
0 0 0 
0 0 0 
0 0 0 
0.000188472 0.0096529 -0.212836 
0.385569 1.45505 1.82082 
2.35789 1.52474 2.19163 
0.913564 3.40461 0.906114 
1.55179 2.38776 2.36572 
2.2183 1.76801 1.60587 
2.10878 0.838004 1.95599 
1.56727 2.24628 2.039 
2.73188 1.12676 0.58656 
-0.248775 -0.0504838 0.00551239 
0 0 0 
0 0 0 
0 0 0 
0 0 0 
0 0 0 
0 0 0 
0 0 0 
0 0.000443681 0.00107454 
-0.135111 -0.201803 1.51183 
2.5822 2.11487 2.58989 
1.24915 3.1824 1.72304 
3.11336 1.81627 3.6184 
3.01025 3.05232 2.44392 
2.5872 3.03567 2.80904 
3.07583 3.11738 2.57068 
2.06775 1.9744 2.21721 
1.36411 1.93445 1.78473 
1.85752 0.413954 -0.142063 
0.00609216 0 0 
0 0 0 
0 0 0 
0 0 0 
0 0 0 
0 0 0 
0 0 0 
0.00151079 -0.0135758 -0.116489 
1.05477 2.29855 3.07788 
0.967716 2.04995 1.85154 
2.76573 2.6164 2.06269 
3.67729 2.27118 3.02979 
2.48644 3.05128 3.40551 
2.48621 3.48055 2.21626 
3.25868 2.46756 2.18319 
4.21978 2.63854 2.59185 
2.54517 1.9476 2.16783 
2.83698 0.912137 0.981521 
-0.195007 -0.0299079 0.00319283 
0 0 0 
0 0 0 
0 0 0 
0 0 0 
0 0 0 
0 0 0.0014162 
-0.0266085 -0.147937 1.1558 
3.12852 1.23497 1.53562 
2.26792 3.03149 2.91691 
2.90197 2.62434 3.73273 
2.40839 3.01516 4.12124 
2.84847 2.62236 4.35792 
1.95881 4.39162 2.7396 
3.39915 2.81029 4.04093 
1.79869 2.62436 2.65675 
2.58423 2.3118 2.83433 
1.27332 2.92373 2.3379 
1.56338 0.16839 -0.0742974 
0.0044275 0 0 
0 0 0 
0 0 0 
0 0 0 
0 0 0 
0 0.00194146 -0.0305905 
-0.0465138 2.35599 1.89372 
1.80158 2.34758 2.71599 
2.93827 2.45496 2.87314 
2.89788 3.49696 2.82329 
4.59723 3.55637 3.4025 
3.5915 4.59297 3.20162 
4.03809 3.28 4.09026 
3.63838 3.89821 2.58825 
4.93789 3.03025 3.63319 
3.00312 2.93463 1.75987 
3.21345 1.45736 2.42863 
1.73109 2.09129 0.239696 
-0.0793605 0.0030239 0 
0 0 0 
0 0 0 
0 0 0 
0 0 0 
0.00410162 -0.0573482 0.0110551 
2.65059 2.62991 2.3036 
2.23659 1.9927 2.92255 
2.99785 2.88413 3.08257 
3.56903 4.09853 2.86574 
3.45577 3.2654 3.73556 
3.8626 3.30427 4.30041 
3.58931 3.44882 3.71247 
3.68839 3.92125 3.7255 
3.00851 2.74589 3.57196 
2.45994 3.5806 3.54638 
2.70957 1.89207 2.12886 
2.09315 1.94724 2.62682 
0.0571216 -0.0494435 0.0024097 
0 0 0 
0 0 0 
0 0 0 
0 0 0.00262005 
-0.1115 0.644801 2.73527 
1.12724 0.956245 1.69337 
2.88796 3.6758 2.61966 
3.90181 3.06951 4.26876 
3.22239 3.55881 3.88812 
4.67098 3.68971 4.0192 
4.40341 3.5152 4.57622 
3.7165 4.14355 4.51858 
3.61813 4.49283 2.96932 
5.49306 3.04989 4.4672 
4.01489 2.46694 3.3885 
3.50016 3.22824 2.87192 
2.37639 1.30373 2.55009 
2.57518 0.00445367 -0.0652988 
0.00535004 0 0 
0 0 0 
0 0 0 
0 0 -0.0153499 
0.0159926 0.917407 2.30984 
2.89218 2.61165 3.66413 
2.97612 2.33095 3.41434 
3.32526 3.39065 3.63437 
3.95331 3.82849 4.33589 
3.70756 4.86566 4.16451 
4.41416 4.41529 5.25887 
3.67023 4.38353 4.86625 
3.01361 5.947 2.85916 
4.22024 3.58217 3.97316 
2.78746 4.38961 3.36021 
3.13144 2.76785 2.73837 
3.09761 2.2815 1.53458 
2.29564 1.86827 0.31139 
-0.0497434 6.65599e-05 0 
0 0 0 
0 0 0 
0 0.0110794 -0.353816 
2.27659 3.16272 1.12366 
1.98603 3.04978 1.94576 
3.0354 3.38368 4.07598 
3.22553 3.66594 4.74676 
3.10374 5.36768 3.50241 
4.3581 4.50697 4.1821 
4.7546 4.06239 4.50347 
4.14384 5.16494 4.27102 
5.09323 3.64639 5.25748 
4.50146 3.81983 4.98396 
3.85857 4.0554 2.977 
4.39924 2.97525 3.15625 
3.09762 2.37866 3.45702 
1.47419 1.83079 1.18092 
-0.125926 0.00173259 0 
0 0 0 
0 0 0 
0.00163595 -0.127853 1.13785 
1.90616 1.36231 2.72324 
2.69533 2.49345 3.71458 
4.04943 3.14563 3.45039 
4.11265 4.74497 2.98481 
5.51356 2.94371 5.24059 
4.52274 4.3238 5.29817 
3.87026 5.98379 4.55294 
3.87931 4.81273 4.07159 
4.84308 5.17386 3.33009 
4.90669 4.16449 4.17929 
3.2984 5.16594 3.63009 
3.7044 3.63767 3.3183 
2.95466 2.82337 2.15667 
2.2097 1.83002 4.03027 
0.586829 -0.0856111 0.000513569 
0 0 0 
0 0 0 
-0.00784503 -0.0699197 2.05105 
1.9923 1.95322 2.40516 
3.87233 2.62152 3.15406 
2.81745 4.10838 4.30391 
3.65176 3.97423 4.29039 
4.70273 4.94703 4.48848 
5.10986 4.63701 5.05314 
4.93393 4.41803 5.67353 
4.80094 5.89673 4.34524 
5.33121 4.44196 5.34335 
4.8857 4.27249 4.28423 
5.40162 3.06759 4.17606 
3.8068 3.74184 3.67589 
3.10766 3.65062 3.14775 
3.44901 1.29676 1.42052 
1.83009 -0.0472034 -0.00541067 
0 0 0 
0 0 0.00749335 
-0.182549 0.876994 2.84744 
2.04015 3.43522 1.36647 
4.12788 2.47068 4.60049 
3.92496 3.59693 3.7616 
5.26843 3.86969 5.06796 
4.64245 4.62037 4.61292 
4.75282 4.91149 4.86068 
5.1274 5.5619 4.69643 
4.01495 5.03012 4.7957 
5.03246 5.75735 4.15475 
5.28534 4.61253 5.3905 
3.71765 5.38112 4.80453 
3.59494 4.58286 3.22176 
4.23878 2.8495 1.75224 
3.62856 1.86391 2.81826 
2.3257 1.11675 -0.0899891 
0.00296309 0 0 
0 0.000115292 -0.0764633 
0.459329 2.61449 1.89531 
1.64605 1.81488 3.67382 
3.25944 2.79614 3.26369 
4.28406 3.53322 4.63062 
3.52579 4.94316 4.16061 
4.18492 5.26104 5.16405 
4.7151 5.71599 5.31939 
4.8394 5.48723 5.39553 
5.59865 5.44583 5.66501 
5.43621 4.23396 5.51097 
4.9974 4.60458 4.48093 
4.96976 3.58081 4.5233 
3.63539 4.94306 2.74404 
3.72625 3.58512 3.94037 
2.48134 2.8254 1.9917 
2.09696 2.33668 0.0439357 
-0.0246848 0 0 
0 3.2054e-05 -0.0501293 
0.932875 3.0016 1.41922 
2.40712 4.60851 2.02954 
3.93119 3.90886 4.21728 
3.28364 5.37666 4.12555 
5.09921 4.65952 5.00615 
5.7496 4.32107 5.66022 
4.8303 4.97317 5.48057 
5.42206 5.20489 5.73957 
4.7328 5.43845 4.72989 
5.34209 5.48943 4.95452 
5.19263 5.35642 4.77844 
4.9769 4.83859 4.82415 
4.47934 3.77251 5.03041 
4.09649 2.68359 3.64075 
2.87999 3.54472 1.86011 
2.55677 1.99695 1.48972 
-0.191254 0.00360438 0 
0 0.000776095 -0.0855018 
1.8272 2.02987 2.25404 
2.67214 2.74732 2.91905 
4.10611 2.57762 4.86404 
3.61961 4.24987 4.10132 
4.43949 4.8708 4.63385 
5.35785 4.80956 5.48778 
5.25614 6.14217 5.42271 
5.08066 5.83535 5.45663 
5.44764 5.69077 6.1273 
5.37364 5.73925 5.56426 
4.98303 5.50159 4.55633 
5.85317 4.062 4.63492 
4.73866 4.53654 3.8307 
3.2882 4.68614 3.61262 
2.92877 2.81113 3.02629 
1.94938 1.36379 2.44942 
0.401147 -0.0413988 0 
0.000232921 -0.161521 1.47463 
2.55801 1.67541 3.00192 
2.11686 3.74117 2.74082 
4.04451 3.86074 4.33327 
4.52292 4.20587 5.43595 
4.4828 5.17132 5.31433 
4.61944 5.60605 5.41092 
5.54638 4.79954 6.00672 
5.74792 5.43262 5.80088 
5.69993 5.38114 5.40149 
5.25108 5.22317 5.0823 
5.4132 5.16077 5.48889 
4.47806 5.50541 4.90291 
4.20815 4.32655 5.14008 
3.78742 2.65601 4.53201 
3.23893 3.60329 1.94025 
3.36989 2.03397 1.88317 
0.555028 -0.0577307 0 
-0.00106118 -0.0546652 1.28466 
2.22992 1.23178 3.33602 
2.80526 4.35854 2.84682 
4.7268 2.82857 4.48881 
3.8826 5.09328 3.96564 
5.37802 4.89309 4.81425 
5.73273 4.90892 5.51965 
5.94932 6.04998 4.9206 
5.95987 5.20199 6.15952 
4.96473 6.1914 5.14757 
6.53381 5.49308 5.97802 
5.80245 5.11858 5.17454 
5.18606 4.9724 4.68348 
5.15724 4.10481 3.84294 
4.6618 4.63221 3.30412 
2.72758 3.54499 3.61214 
2.10279 1.6724 2.45276 
2.45165 -0.260812 0.000142575 
-0.022875 0.21637 2.18813 
1.43281 3.21603 2.48161 
2.69093 2.48569 3.35032 
4.06392 4.29544 4.5817 
3.95831 5.61513 4.33388 
5.34897 5.22021 5.34063 
5.78192 5.50055 6.32221 
4.26425 6.44366 5.71145 
5.29906 6.5973 5.6066 
5.57101 6.226 6.14106 
4.47971 6.05358 4.68988 
5.54955 5.51704 5.71014 
5.68404 4.06574 5.95939 
3.83193 6.36873 3.96454 
4.71194 3.95696 4.3794 
3.59148 3.76454 2.39634 
3.42163 1.81715 2.00389 
1.47847 -0.139242 0.00647354 
-0.0506697 0.453129 1.99668 
2.58201 2.14903 2.20036 
3.84098 3.67243 4.10312 
3.94927 4.0288 4.16147 
5.06838 4.06647 5.10678 
5.16181 4.77392 5.84801 
4.84754 5.1313 5.72685 
5.62415 6.20277 4.94618 
6.9683 4.90426 6.29291 
6.33798 5.33557 5.97053 
6.10559 6.17402 5.5833 
6.66188 4.6379 6.11877 
4.31907 5.89829 4.92534 
5.34296 3.32891 5.10787 
3.64642 3.76643 3.91067 
3.6054 2.98777 3.43838 
2.32121 2.93258 1.96779 
2.74801 0.67417 -0.0825843 
-0.132797 1.19212 2.88838 
1.01694 2.91943 3.47921 
2.90281 4.12493 2.6768 
4.4924 4.30188 4.19564 
4.91319 4.94394 5.20293 
4.7716 5.60486 5.64098 
5.1535 6.21289 5.63267 
5.55107 5.8134 6.03345 
5.21484 6.81807 5.63584 
5.07745 5.99016 6.11733 
5.83346 5.08657 6.4366 
5.15427 5.60762 5.56194 
5.40928 5.28848 5.17455 
4.86015 5.25647 4.46329 
5.04081 3.37528 4.91324 
2.33555 4.44245 3.22476 
2.98459 1.90596 2.27749 
1.81141 0.382898 -0.0453159 
-0.109472 1.09566 1.64242 
2.47589 2.93332 2.47481 
3.26225 2.82645 4.82403 
3.71297 4.12184 4.88004 
4.32157 5.0791 4.47813 
5.92405 4.55944 5.50648 
5.39591 5.17335 6.28865 
5.82872 5.55814 5.88211 
6.34915 5.65432 5.92388 
6.69129 5.87379 6.16063 
5.50549 5.55868 5.89732 
5.31288 5.82073 5.01979 
5.77252 5.21496 4.97874 
5.40885 4.19776 5.02326 
4.44151 4.7637 4.25057 
4.41667 3.61272 2.41662 
3.33906 2.87408 2.06109 
2.54908 1.29669 -0.140559 
-0.136449 1.60772 3.1186 
1.48138 2.7229 2.98251 
3.31408 4.44435 2.57338 
4.66403 4.62474 4.47125 
5.06473 4.89471 5.36598 
4.9954 5.44178 5.44197 
6.05134 5.61742 5.44164 
6.05458 5.76438 5.88813 
6.30907 5.80445 6.53092 
5.62403 6.17425 6.03934 
6.21081 6.40478 5.67403 
6.44403 6.02823 5.77302 
5.25201 5.31141 5.28401 
4.79033 5.40247 4.3926 
4.35532 3.9848 3.46361 
3.35339 3.43066 4.79597 
1.67806 3.81627 1.13779 
2.81586 1.48347 -0.138134 
-0.0599971 1.44952 2.4536 
1.52978 3.25873 3.04752 
3.00999 3.95936 4.09872 
4.44926 3.32709 4.47736 
4.38364 4.40946 5.06216 
5.33057 5.53353 5.94846 
5.32014 5.52874 6.75406 
5.51623 5.93602 6.57784 
5.2167 6.2573 5.79299 
5.83801 5.62181 6.67152 
5.14981 5.79893 5.36914 
5.6901 4.95414 5.65897 
5.26857 5.36375 5.56682 
4.71413 5.08881 4.58529 
4.67428 4.3391 4.43185 
4.93633 3.0222 2.85827 
3.43577 2.11888 2.14909 
2.24732 1.15978 -0.107769 
-0.143418 1.64823 2.06304 
2.79078 2.5506 3.42149 
3.85675 2.71615 4.26677 
3.54105 5.63722 4.39335 
5.59004 5.12482 5.61454 
5.14409 5.35672 5.42171 
5.78544 5.21221 6.0262 
5.67941 6.1195 5.63251 
6.47652 5.90513 5.9269 
6.34983 6.63195 5.35856 
6.87422 6.13646 6.31069 
5.83532 6.88014 5.34884 
6.1391 5.53674 5.22762 
5.44593 4.82066 5.6101 
4.5874 4.69031 4.00646 
3.62124 3.96858 2.95055 
3.58861 3.0205 2.59324 
1.28647 2.60856 -0.20401 
-0.19053 2.87586 1.35251 
2.28823 1.99516 2.97226 
2.73884 4.76375 3.18435 
4.54533 3.80248 4.61546 
4.05896 5.15213 4.71368 
4.7216 5.33918 5.39852 
5.2936 6.01124 5.45519 
5.70296 5.90017 6.3648 
5.47793 6.23637 6.08856 
6.239 4.81354 6.76985 
5.24979 5.80198 5.56351 
5.10907 5.96916 5.08663 
5.3067 4.93288 5.08206 
4.972 4.42773 4.2668 
4.24389 4.24783 4.064 
3.7198 3.71185 3.49443 
2.37983 3.02149 1.09824 
3.00937 1.49013 -0.136344 
-0.119975 1.32569 1.76766 
2.39163 3.43458 3.5465 
2.46419 4.26912 3.71021 
4.61645 4.51836 4.40163 
5.30916 4.57049 5.09967 
6.3062 4.98827 6.3301 
4.9957 5.92244 6.42317 
5.21383 6.92704 5.96359 
5.99197 6.6382 5.7512 
6.2158 5.80876 6.71628 
5.38775 6.61996 6.0045 
5.9028 5.11194 5.87353 
5.67265 5.39555 6.06602 
4.64254 5.72888 4.5342 
5.00913 3.99207 4.51137 
3.77406 3.82277 3.96763 
2.19102 4.03761 1.4833 
2.36151 1.21476 -0.0393886 
-0.174212 1.89766 3.27646 
1.00823 2.68347 2.88356 
3.16994 4.34826 2.46186 
4.11824 4.09315 4.2023 
3.91887 5.64815 4.66122 
4.48767 5.309 5.4134 
5.48938 6.5301 4.59782 
6.78425 5.21768 5.80821 
5.33088 5.68079 6.37202 
4.8613 6.75081 5.91329 
5.91258 5.71217 5.39834 
6.57782 5.45982 6.00093 
4.78017 5.92365 4.40987 
5.10681 5.93369 3.3439 
5.36252 4.33456 3.37944 
3.87103 3.1389 3.05255 
3.33666 2.12917 2.02248 
2.50702 1.06854 -0.122064 
-0.101067 0.954636 2.09441 
2.33082 2.68698 3.23304 
3.56062 2.75283 4.49769 
5.00816 3.35703 5.70424 
5.2609 3.86104 5.79531 
5.28046 5.22694 5.66729 
5.51894 5.37399 6.27668 
4.79879 5.85751 6.27855 
6.44365 5.95584 6.0412 
6.63721 5.54853 5.93662 
6.63967 5.7279 5.8209 
5.20244 6.05687 5.67743 
6.48407 5.15813 5.70942 
4.84494 4.03573 5.53945 
4.28448 4.25762 4.44412 
3.98489 4.03805 2.95026 
2.75713 3.24961 1.40377 
2.46685 1.47271 -0.1678 
-0.078643 0.68412 2.20541 
1.76528 2.14385 2.70499 
2.71514 4.03305 3.25894 
3.19605 4.83616 3.56014 
4.73116 5.14904 5.28132 
4.49845 5.70545 5.80745 
5.1376 5.93515 5.21813 
6.279 6.66543 4.84114 
6.16452 5.98962 6.23145 
5.10205 6.16257 6.18277 
4.9396 6.24132 5.7359 
6.19787 5.27481 5.14589 
4.6861 4.84649 5.13234 
5.08851 5.30744 4.05037 
4.14998 4.21424 4.02712 
3.00319 3.50227 3.27758 
2.59481 3.06669 1.54282 
2.84488 0.544307 -0.0630345 
-0.0451489 0.338632 3.72245 
1.45936 2.4753 4.63636 
2.57272 3.06174 5.10005 
3.7648 4.42225 4.6508 
4.01832 4.16482 5.1758 
5.00444 4.90492 5.60732 
4.35819 5.72708 5.5019 
5.69407 5.38435 6.30072 
6.67519 5.06135 5.91446 
7.12566 5.13698 6.35977 
6.24939 6.08226 5.58375 
5.59352 5.98411 5.34417 
6.176 5.71251 4.64527 
5.15954 4.37462 5.23456 
4.97765 3.68584 4.60316 
3.69319 3.56477 3.9304 
2.44902 2.23181 1.28794 
2.49582 0.0585984 -0.0166515 
-0.0173978 0.0680269 1.57762 
2.13213 2.2065 1.36004 
3.45684 2.97733 3.63202 
2.87593 4.27585 3.87589 
5.0026 5.22635 4.87703 
5.04834 5.39006 5.00695 
6.31518 5.89802 5.75025 
5.52604 6.1207 4.85079 
5.65865 6.33525 6.31581 
4.72149 6.10202 5.18294 
6.2634 4.91689 5.72444 
5.637 4.99586 5.29429 
4.76866 5.0421 5.37166 
4.35951 5.0193 3.6199 
4.39412 3.35609 4.38622 
3.0684 3.20397 2.12607 
2.71834 3.04126 2.26552 
1.70079 -0.0899497 -0.00229402 
0.00138737 -0.133917 1.62631 
1.67912 2.07393 3.63872 
3.20956 3.18205 3.5525 
4.57771 4.16494 5.14153 
4.17733 4.47332 4.23905 
4.81488 4.75339 5.3038 
4.91122 4.73624 5.43855 
5.99006 5.50147 5.73762 
6.63645 4.8825 5.47454 
5.91806 6.41771 5.71866 
5.86631 5.68751 5.70959 
5.28685 6.09302 5.31435 
4.91583 5.18813 4.14259 
5.71115 3.61107 5.73831 
3.22984 5.09625 3.04291 
3.65708 3.47032 3.03125 
3.73203 0.862812 2.12102 
2.14763 -0.218779 0.000218368 
0 -0.0764425 0.868731 
2.48852 2.56609 1.64234 
2.6585 2.40928 3.84023 
3.37885 3.20703 3.35578 
4.44304 4.32271 5.34002 
5.59645 5.50415 4.8065 
6.25554 5.09992 6.03393 
5.13431 5.12914 5.85603 
5.02739 5.61008 6.82252 
4.53799 5.34297 5.11938 
5.27936 5.52546 5.09924 
5.76913 4.47266 5.05584 
5.97312 4.37005 5.32003 
4.53861 4.76748 3.26938 
4.96576 3.15142 4.45331 
3.05884 3.2459 2.55922 
1.81274 2.33138 2.04599 
0.235226 -0.035983 0 
0 0.00371367 -0.0945662 
2.24367 1.38278 2.47983 
3.89041 3.42838 2.74101 
4.44848 3.3949 4.87589 
4.00262 4.6988 3.57495 
4.22592 4.20741 4.67642 
4.96929 4.20764 5.65057 
4.88287 5.93894 5.10879 
6.22343 5.6751 4.69095 
5.29528 6.90419 5.42155 
6.12828 5.81777 4.66488 
5.49296 5.54549 5.10013 
4.10141 5.56878 4.18906 
4.25791 4.74212 3.93445 
4.50948 2.87163 3.44592 
2.61697 3.36459 2.13486 
2.82201 1.98126 2.08492 
-0.0413687 -0.00642288 0 
0 1.48456e-05 -0.140249 
1.73568 2.468 1.14491 
2.32287 2.21671 3.00447 
3.21007 3.84639 3.69626 
3.83795 4.66768 4.34648 
5.4856 4.64867 5.75861 
4.88448 5.18336 5.64868 
4.92796 4.92622 5.43646 
4.88262 5.59285 5.96991 
5.60315 4.20717 5.85522 
3.72068 5.69083 4.72199 
5.50389 4.62341 4.8319 
5.18221 4.34374 4.69533 
4.64749 3.91433 4.2446 
3.25805 4.32684 3.79832 
3.38755 3.00313 2.96725 
2.08716 1.82935 1.62497 
-0.171958 0.000812562 0 
0 0 -0.0379693 
0.116104 2.41644 2.4503 
2.29121 3.25638 3.04053 
3.04062 3.48651 3.30126 
3.79486 4.33022 4.12632 
4.15665 4.66284 3.80431 
4.75045 5.82594 4.18184 
5.48236 5.31352 5.90938 
4.97336 4.74254 4.713 
4.94867 6.13425 4.95743 
6.44613 5.34905 5.34334 
4.77671 5.52324 4.86064 
4.75237 4.64301 4.15584 
4.472 4.07338 4.09127 
3.18289 4.54117 1.65823 
3.12108 2.1688 1.93992 
2.06485 1.21545 0.0836476 
-0.0149632 0 0 
0 0 0.00456241 
-0.0696518 0.590053 1.98545 
2.21718 2.20057 2.37752 
4.01591 3.02186 3.57755 
4.55301 3.26215 3.89646 
4.1938 4.36114 4.88297 
5.40778 3.05796 5.16392 
4.84617 4.35598 4.77883 
5.90769 5.0768 5.33791 
5.73111 4.05532 5.35569 
3.90619 4.77239 4.54591 
4.45983 4.55142 4.66589 
3.95858 4.87693 4.17872 
3.34352 4.66957 3.37287 
3.49173 3.11294 2.98936 
3.63224 2.74557 1.4222 
3.35473 0.652825 -0.0663002 
0.00189408 0 0 
0 0 0 
-0.0195719 0.14034 3.20056 
0.821475 2.78111 2.39178 
2.46903 3.11382 3.2269 
2.89333 4.20115 4.43723 
4.59686 4.02281 3.91598 
4.07507 5.91011 4.61983 
5.45958 4.21433 5.82987 
3.7076 4.91457 5.22062 
4.05649 6.34517 4.32711 
5.80249 5.03098 5.51417 
4.63636 4.67088 4.32871 
4.68968 3.41429 4.74963 
3.87553 3.33826 3.41656 
3.20045 3.49347 2.60679 
2.17038 1.98937 1.49086 
2.11783 0.111443 -0.0286206 
0 0 0 
0 0 0 
0.00108205 -0.0903727 0.538579 
2.52873 1.57613 2.69284 
2.61444 3.32488 3.08084 
3.90099 3.58507 2.4832 
3.78483 4.32817 4.74009 
3.71503 4.35693 3.80999 
4.16034 4.47504 5.2604 
4.64864 5.06485 4.35515 
4.83426 4.01938 4.57903 
4.14561 4.54686 4.51191 
3.76479 4.5355 4.3679 
4.43493 4.59389 3.02678 
4.49172 3.59248 3.61001 
3.21696 2.55516 2.71266 
2.6394 1.28042 2.97216 
0.528397 -0.099888 0.00335899 
0 0 0 
0 0 0 
0 -0.00535002 0.0623436 
1.51167 2.11895 1.55683 
2.60609 2.2844 2.62781 
3.28322 2.30118 5.19878 
3.00756 4.07788 3.12702 
4.82662 3.48929 5.60228 
4.30829 4.52804 4.18077 
4.3617 4.73951 4.44702 
4.89966 5.52939 4.67442 
4.05237 4.96523 3.99212 
4.91032 4.09436 3.74636 
3.63899 3.53618 3.80153 
3.17123 2.00198 4.54295 
1.29198 3.86565 1.53873 
2.42894 2.62594 0.842145 
-0.0977063 0.0042919 0 
0 0 0 
0 0 0 
0 0.000637714 -0.0145635 
-0.164105 2.08286 2.33785 
0.760201 3.74911 2.06539 
3.39133 3.71599 2.18316 
4.64382 2.61266 4.6073 
3.70333 4.2885 3.44817 
4.34697 3.63177 4.54105 
4.35957 4.76007 3.62531 
4.43697 3.31519 3.89221 
4.74655 3.90254 4.5485 
3.66634 3.79545 4.48584 
3.70578 3.93146 3.09243 
4.05301 3.07354 3.06081 
2.62484 2.79364 0.95658 
2.2323 1.21847 -0.147679 
0.00164297 0 0 
0 0 0 
0 0 0 
0 0 0.000538126 
-0.016972 -0.199567 1.98812 
3.63281 0.314598 2.83849 
2.7755 1.80755 3.55294 
2.93092 3.4273 3.80559 
3.37655 3.33797 3.76261 
4.30478 3.79418 4.66794 
3.08048 4.6807 3.90124 
3.97616 5.53409 3.65795 
4.51707 3.76234 3.73239 
4.23875 3.83428 3.03206 
3.74408 2.74468 4.28044 
2.12912 3.27201 2.24058 
2.30064 1.2333 2.97792 
2.43384 -0.0626137 -0.0201618 
3.62253e-05 0 0 
0 0 0 
0 0 0 
0 0 0 
0.00123203 -0.0623583 0.401583 
1.43351 2.70292 1.64916 
2.06181 3.42871 2.75099 
2.71226 2.82925 3.38074 
2.82046 4.18711 3.66921 
3.80542 3.62481 3.65619 
4.21287 3.94715 3.57921 
4.38885 2.93461 4.13287 
3.33432 3.57319 3.76671 
3.31419 3.0373 4.10485 
3.05491 3.06478 2.34073 
2.59363 2.73863 2.63987 
1.57633 2.6885 1.45918 
0.0380251 -0.0416396 0.00254648 
0 0 0 
0 0 0 
0 0 0 
0 0 0 
0 0.00544123 -0.078605 
0.0341781 2.15103 2.2713 
1.6062 1.83789 2.6206 
2.52538 3.32548 2.87181 
3.17805 3.4989 2.6588 
3.61479 3.45098 2.52155 
4.79911 3.1132 3.02727 
4.11768 3.36467 3.64465 
3.68866 3.95643 3.37115 
3.32708 3.11459 3.16476 
2.91528 2.62576 3.43501 
2.24917 1.93262 1.35689 
2.48716 1.9018 -0.179918 
-0.0331246 0.00342945 0 
0 0 0 
0 0 0 
0 0 0 
0 0 0 
0 0 0.00248383 
-0.0182031 -0.281716 1.38284 
2.5528 1.88502 1.86531 
2.03414 2.9413 2.51888 
3.11815 2.33291 2.94344 
3.43263 3.10785 4.01813 
2.02789 3.50495 4.75046 
1.51137 4.71927 2.84608 
2.99004 2.77399 2.81423 
3.36421 3.61741 2.35908 
2.51202 2.5818 2.85556 
1.34241 2.87355 1.92017 
1.34904 -0.122276 -0.0118045 
0.000695952 0 0 
0 0 0 
0 0 0 
0 0 0 
0 0 0 
0 0 0 
0 0.0121399 -0.214759 
0.766725 2.08983 2.45039 
1.55116 1.58078 2.12664 
2.39954 2.52236 3.64586 
2.54971 2.68356 2.72207 
3.9104 2.59836 2.48066 
3.30535 3.29177 2.13866 
4.12151 2.7539 3.3888 
1.99662 2.14974 2.96514 
2.37404 1.74641 1.31121 
1.5825 2.57996 0.446328 
-0.20698 -0.00410813 0.0010313 
0 0 0 
0 0 0 
0 0 0 
0 0 0 
0 0 0 
0 0 0 
0 0 0.0091508 
-0.107464 0.0233739 0.962882 
3.38225 1.77707 2.56631 
1.91923 1.82523 2.35428 
1.09336 3.95376 2.0368 
2.25503 2.98985 3.09437 
2.6383 2.72224 2.63868 
2.44447 1.22467 3.12534 
2.29745 2.4002 1.34784 
1.78182 2.40099 2.7449 
1.01685 -0.158838 -0.0620602 
0.0062012 0 0 
0 0 0 
0 0 0 
0 0 0 
0 0 0 
0 0 0 
0 0 0 
0 0 0 
0.00109554 -0.0103975 -0.112563 
-0.0396143 0.851408 2.39652 
1.44968 2.82472 2.11688 
2.07587 1.88032 1.93731 
2.84871 1.23299 2.58684 
1.68103 2.34367 2.52951 
2.2529 2.74688 1.82789 
1.57595 2.08392 2.74127 
1.96334 0.833028 0.278219 
-0.127927 0.00444826 7.88792e-05 
0 0 0 
0 0 0 
0 0 0 
0 0 0 
0 0 0 
0 0 0 
0 0 0 
0 0 0 
0 0 0.00200947 
-0.0204899 -0.11505 0.146398 
0.659505 1.52623 1.12468 
3.44944 1.62578 2.17618 
1.71746 2.47222 1.86749 
1.95858 1.71039 1.95358 
1.09188 2.60433 1.74602 
2.59885 1.029 0.399182 
0.0669566 -0.100214 -0.0317358 
0.0026196 0 0 
0 0 0 
0 0 0 
0 0 0 
0 0 0 
0 0 0 
0 0 0 
0 0 0 
0 0 0 
0 0 0 
3.15353e-06 0.00265427 -0.0215148 
-0.0736457 -0.144405 -0.0301352 
0.0341001 0.794496 1.62961 
1.00283 1.50649 2.23303 
1.65166 1.34648 2.33976 
1.0198 0.975846 0.0652319 
-0.145143 0.019785 -0.0595721 
-0.00411735 0.000230183 3.68077e-06 
0 0 0 
0 0 0 
0 0 0 
0 0 0 
0 0 0 
0 0 0 
0 0 0 
0 0 0 
0 0 0 
0 0 0 
0 0 0 
0 9.77575e-06 0.00110175 
-0.0116778 -0.0847869 -0.140582 
-0.101627 -0.0832665 -0.151385 
-0.16133 -0.0930475 -0.220393 
-0.105102 -0.116164 -0.0072802 
-0.00500963 -0.00656372 0.000712762 
0 0 0 
0 0 0 
0 0 0 
0 0 0 
0 0 0 
0 0 0 
0 0 0 
0 0 0 
0 0 0 
0 0 0 
0 0 0 
0 0 0 
0 0.00393186 -0.00676856 
-0.823892 -1.44611 -2.9674 
-1.13534 -1.66269 -2.65344 
-4.10115 -0.785918 -1.59439 
-2.59253 -2.13656 -0.488791 
-0.487613 0.0521159 0 
0 0 0 
0 0 0 
0 0 0 
0 0 0 
0 0 0 
0 0 0 
0 0 0 
0 0 0 
0 0 0 
0 0 0 
0 0 0 
0 0.0316627 -0.247653 
-1.53553 -1.639 -1.17509 
6.99323 14.0671 28.9941 
14.8341 40.7328 26.0926 
52.0571 28.8707 18.9292 
29.8108 19.1794 2.69786 
4.79892 -4.559 -2.56366 
-0.18207 0.00655055 0.000678914 
0 0 0 
0 0 0 
0 0 0 
0 0 0 
0 0 0 
0 0 0 
0 0 0 
0 0 0 
0 0 0 
0 0 0.0654983 
-0.551247 -1.6755 0.598122 
14.6214 20.5401 28.739 
40.7755 19.8966 43.6399 
30.231 44.6054 24.1448 
19.8837 52.1574 52.8828 
46.6114 35.8615 85.8112 
37.7161 37.719 27.8671 
2.12919 -2.21661 -1.82273 
0.111766 0.000128285 0 
0 0 0 
0 0 0 
0 0 0 
0 0 0 
0 0 0 
0 0 0 
0 0 0 
0 0 0 
0.0016378 0.0903951 -2.0085 
3.91103 15.0213 20.0856 
27.9137 18.9764 28.8344 
12.3897 50.0577 13.2823 
25.0108 39.6634 40.9508 
39.6518 33.5007 30.7616 
42.5635 17.3596 41.9088 
34.9371 51.2522 47.8207 
66.4384 28.0157 15.0012 
-6.5374 -1.34278 0.146537 
0 0 0 
0 0 0 
0 0 0 
0 0 0 
0 0 0 
0 0 0 
0 0 0 
0 0.00331685 0.0108022 
-1.04579 -1.77086 13.7311 
25.1574 21.9281 28.4286 
14.9835 39.4449 22.8328 
43.0877 26.3115 55.3069 
47.9713 50.3236 42.9124 
46.0763 57.1585 53.8958 
62.5786 63.9294 55.9184 
45.3125 45.3676 51.9557 
33.4386 47.9902 45.6452 
49.1304 10.9886 -3.86783 
0.16758 0 0 
0 0 0 
0 0 0 
0 0 0 
0 0 0 
0 0 0 
0 0 0 
0.0101952 -0.0913101 -0.853198 
8.1347 19.0454 27.766 
9.23952 21.4725 20.3453 
32.7305 32.468 27.2058 
51.0028 32.8321 46.3059 
39.7575 50.1881 59.6941 
44.0594 65.6 42.6572 
65.4626 51.414 46.8385 
93.4251 60.3277 61.1516 
61.6105 48.4779 55.4827 
74.9111 24.5202 27.0937 
-5.47638 -0.859472 0.0917046 
0 0 0 
0 0 0 
0 0 0 
0 0 0 
0 0 0 
0 0 0.0086099 
-0.16947 -0.93847 8.21179 
23.5162 10.4069 13.8721 
21.8865 31.5979 32.2762 
34.1048 32.7466 49.2239 
33.0943 44.1139 62.5458 
45.7514 43.1642 75.7807 
34.9817 82.3891 52.8993 
68.3621 58.345 86.7615 
39.7889 60.234 62.1959 
62.9966 57.2454 72.9398 
33.1972 79.5549 64.148 
44.6699 4.79035 -2.16244 
0.12984 0 0 
0 0 0 
0 0 0 
0 0 0 
0 0 0 
0 0.0104608 -0.172834 
-0.247556 14.7789 12.9695 
13.8607 19.4413 24.372 
28.5141 25.6145 31.7863 
33.9384 43.9127 36.8614 
63.8782 51.5421 51.9831 
57.0098 76.5972 55.2689 
72.7793 61.3565 79.133 
73.3928 80.5448 55.8858 
109.291 69.5052 85.1575 
72.9988 73.0185 45.2662 
84.4324 39.5062 67.0652 
49.431 60.6542 7.10136 
-2.36469 0.091508 0 
0 0 0 
0 0 0 
0 0 0 
0 0 0 
0.0187076 -0.280918 0.0934878 
14.7186 16.4347 15.7704 
17.2177 16.3272 26.6123 
28.7665 30.2763 33.9138 
42.1906 50.8244 38.009 
47.562 47.8201 56.5804 
61.8963 54.4654 74.7669 
64.5091 64.7503 71.5552 
74.4079 81.2303 80.1842 
66.5539 62.7778 84.0056 
59.5966 89.713 90.4006 
71.3007 51.4382 58.4455 
59.9258 56.5404 78.0918 
1.75709 -1.50651 0.0740439 
0 0 0 
0 0 0 
0 0 0 
0 0 0.0100605 
-0.493056 2.91227 13.1721 
6.0955 6.05379 11.7465 
22.1717 30.2991 23.484 
37.9324 32.1773 46.9602 
38.106 44.4613 50.8524 
64.6903 53.9811 60.9485 
70.334 58.298 79.2155 
67.0196 77.3956 87.6569 
72.7341 93.0656 64.2552 
121.106 70.0834 104.982 
97.5855 61.2851 86.6997 
92.4829 87.0412 79.3197 
67.7089 37.9377 75.8083 
78.5384 0.0834025 -2.03995 
0.168228 0 0 
0 0 0 
0 0 0 
0 0 -0.0603335 
0.0285606 3.93078 11.1086 
15.972 16.3774 25.4125 
22.5809 19.3636 30.7874 
32.2838 34.9725 40.4436 
46.658 47.4857 57.3651 
51.0998 70.6532 63.6644 
70.3044 73.3032 91.273 
65.7218 82.2279 94.059 
60.7388 123.602 61.3232 
93.3295 82.3152 92.9988 
68.1276 108.96 86.2775 
82.3031 75.1466 75.2471 
88.5209 65.9869 45.7047 
70.1703 58.1244 9.84364 
-1.56455 0.00212917 0 
0 0 0 
0 0 0 
0 0.0333675 -1.22526 
8.45046 12.7912 5.23583 
11.4464 18.6893 13.5623 
23.1689 28.301 36.3463 
31.3444 38.1603 52.4894 
36.6879 66.868 46.1515 
60.0239 65.9537 63.5009 
75.8681 67.223 78.3361 
74.5154 96.4385 82.7712 
102.476 75.5359 113.161 
99.6787 87.0981 117.49 
93.6003 100.772 76.7284 
115.436 80.5291 87.1912 
88.1719 69.176 102.899 
44.8189 57.3612 37.2857 
-3.97388 0.0556351 0 
0 0 0 
0 0 0 
0.00425113 -0.380603 3.38951 
6.54407 5.43407 13.5407 
14.6033 15.6692 25.8277 
30.7229 26.0928 31.2662 
39.7185 49.457 32.8868 
64.8053 36.9755 68.7521 
62.8789 62.6114 80.7446 
61.8748 99.1274 79.1072 
69.6817 90.1588 78.7999 
97.173 107.65 71.4374 
108.683 95.4792 97.9181 
80.1371 128.912 93.0816 
97.0918 98.7334 91.5652 
84.0679 81.8365 64.5782 
67.2398 56.8269 128.719 
18.8141 -2.74724 0.0167734 
0 0 0 
0 0 0 
-0.0215036 -0.230557 5.83355 
6.96218 8.02986 11.3812 
21.8167 16.2612 21.5977 
21.7611 34.3291 38.069 
35.9127 41.2966 47.4597 
55.2273 61.8007 58.876 
71.0399 67.319 76.7931 
78.7521 73.3101 98.6733 
85.8712 110.5 84.4635 
106.629 92.4751 114.906 
108.019 97.8908 100.578 
131.111 76.3182 107.198 
100.01 101.164 101.821 
88.3116 105.715 94.4889 
104.412 40.7033 45.2929 
59.4806 -1.55468 -0.174472 
0 0 0 
0 0 0.0130873 
-0.404872 2.23118 7.43431 
7.30271 14.336 6.31908 
23.0867 15.4072 31.7391 
30.0549 29.9098 33.6704 
51.2408 40.1164 56.1665 
54.7487 57.3364 61.0281 
65.6066 71.4948 74.0496 
81.7159 92.0311 82.2115 
71.2268 95.0123 92.2568 
101.528 119.225 89.3567 
117.238 105.369 126.772 
90.5259 133.689 123.34 
94.4243 123.928 89.2311 
120.228 82.961 52.1454 
110.706 57.8072 90.2218 
75.2916 37.1908 -2.99345 
0.0996426 0 0 
0 0.000154919 -0.132489 
0.739654 5.50559 5.11347 
5.65529 7.77991 17.5844 
17.9869 17.7472 22.261 
32.9603 29.0408 41.9823 
33.9722 51.5742 45.71 
49.7158 65.1028 68.4114 
64.9747 83.2749 81.0521 
77.1204 90.9503 93.7507 
100.543 102.007 109.638 
109.33 87.9892 118.315 
110.566 105.324 105.395 
120.794 88.7504 116.464 
95.2832 133.831 75.5288 
106.233 104.074 117.469 
75.4111 88.0909 63.5655 
68.2656 77.5085 1.5495 
-0.829272 0 0 
0 -5.94791e-05 -0.0932452 
1.31757 6.40491 3.79574 
8.25447 19.3236 9.68569 
21.7203 24.4241 29.5413 
24.7174 44.5639 37.4638 
48.9601 48.7836 55.4023 
67.6252 53.9059 74.4492 
67.0201 72.054 83.6365 
86.4617 86.435 99.468 
84.9704 101.935 91.3862 
107.606 114.113 106.042 
115.139 122.672 112.017 
121.235 120.145 123.956 
117.447 102.374 139.16 
116.064 78.3212 108.316 
87.7757 110.614 59.0728 
83.1131 66.7514 50.1563 
-6.4544 0.122888 0 
0 -0.0025604 -0.117155 
2.68398 4.13071 6.21144 
9.39492 11.0511 14.4552 
22.8727 15.8473 33.607 
27.678 35.3352 37.0286 
42.7611 51.0049 50.5651 
64.0376 59.4496 72.1802 
73.1598 88.8306 82.7981 
81.1191 96.7243 94.7678 
97.7465 106.697 118.432 
108.375 118.766 119.872 
110.169 125.78 107.464 
141.704 101.177 118.942 
124.59 122.655 105.537 
94.3081 135.617 107.844 
89.0398 87.8724 96.2163 
63.5169 45.1415 83.4471 
13.6745 -1.41071 0 
0.000145633 -0.16469 1.46825 
3.14594 3.5989 8.29829 
7.32281 15.6678 12.86 
23.0781 23.7541 29.5718 
35.2365 34.3837 49.1518 
43.4539 53.5654 59.1007 
54.261 70.0126 71.0083 
76.8167 69.9841 91.3265 
91.8208 89.9837 100.497 
102.831 100.392 104.954 
105.246 108.432 109.546 
119.341 118.51 128.714 
109.073 136.861 125.797 
110.76 116.632 142.538 
107.623 77.2354 134.876 
98.6092 112.298 61.9976 
109.518 67.5424 64.1835 
18.9872 -1.97461 0 
-0.000814605 -0.0568697 0.983856 
3.0575 2.62773 9.08399 
9.73761 18.1681 13.9522 
25.8803 17.7922 31.3806 
29.0357 42.4266 36.1479 
51.4624 51.4795 52.8906 
67.8195 60.9274 72.8805 
82.0005 88.278 75.067 
94.6943 86.5506 106.694 
89.1376 116.059 99.7061 
131.361 113.727 128.657 
128.506 117.021 121.666 
125.869 123.89 120.003 
135.73 110.821 106.743 
131.977 134.838 98.4611 
82.9785 110.603 114.972 
68.6079 55.2225 83.9212 
84.1953 -8.95725 0.00494409 
-0.0125891 0.108987 1.2627 
2.26358 6.66316 6.72997 
9.29756 10.4891 16.0017 
22.648 26.968 31.4699 
30.3183 46.5209 39.1621 
51.5676 54.617 58.7814 
68.4269 68.3908 83.2957 
58.9323 93.7134 86.993 
84.6294 109.276 97.4837 
100.016 116.303 119.394 
89.7672 125.874 100.637 
122.989 125.819 134.847 
137.628 101.449 152.461 
101.009 171.81 110.051 
133.787 114.849 130.776 
109.297 117.051 76.6513 
111.088 60.6449 67.9713 
51.0421 -4.82212 0.226609 
-0.0261996 0.222993 0.930692 
4.06957 4.14142 6.41644 
12.9851 15.3671 20.0564 
21.4554 25.4352 28.9593 
38.1921 34.1343 45.7678 
50.1177 49.4387 65.1223 
57.0997 63.4084 75.9303 
77.5784 90.4071 75.1424 
111.226 81.0493 109.596 
113.493 100.497 114.827 
123.401 127.888 119.994 
147.524 106.381 143.284 
105.524 146.531 126.276 
140.708 89.7625 141.591 
103.686 109.288 116.621 
109.75 93.0154 109.784 
75.5014 97.4318 66.6097 
95.4078 23.6011 -2.8866 
-0.0569956 0.524811 1.35793 
1.54175 6.29862 9.56772 
10.1933 16.8118 13.228 
24.6442 27.0449 28.966 
37.3463 41.2291 46.75 
46.3934 58.1101 62.299 
61.1703 77.0017 74.2381 
76.9326 84.6163 91.9231 
82.7134 113.628 97.4196 
91.621 111.757 118.754 
117.379 105.216 138.476 
114.102 128.33 130.901 
130.872 131.919 132.807 
127.619 142.414 122.923 
143.717 98.0433 146.072 
71.3371 138.546 102.47 
97.4654 63.0226 77.4325 
62.8214 13.3702 -1.58015 
-0.037337 0.330421 0.659547 
3.82394 6.06511 6.67436 
11.2636 12.0062 23.1206 
20.6606 25.9162 33.4108 
33.1549 42.058 40.3719 
57.5651 47.2248 60.9828 
63.801 64.2693 82.5974 
80.9927 80.7485 89.4827 
101.351 93.8249 102.475 
120.675 109.596 119.7 
110.57 115.325 126.644 
117.606 133.454 117.617 
140.406 129.776 127.641 
142.121 113.543 139.088 
126.382 138.122 127.13 
133.882 112.948 76.9264 
109.05 94.8568 70.3053 
88.438 45.4507 -4.91723 
-0.0279993 0.210321 2.1153 
2.06978 5.44541 8.5919 
11.068 18.8025 12.4357 
25.7241 28.7489 31.1786 
38.4556 40.8584 47.9086 
48.7844 56.3814 60.5398 
70.8646 70.3259 71.3627 
83.8744 83.9623 89.708 
100.374 96.6675 113.012 
101.006 115.621 117.146 
124.607 133.242 121.812 
142.386 138.197 135.762 
127.507 132.179 135.518 
125.984 145.868 121.653 
123.876 115.739 103.203 
101.986 107.146 152.56 
54.9262 126.601 38.6364 
97.7351 52.0721 -4.84272 
-0.0234594 0.212499 1.49898 
2.16782 6.79588 8.32049 
10.515 16.5415 19.7963 
24.5137 20.9848 30.8436 
33.458 36.6287 45.5921 
51.6512 57.4179 65.7773 
63.1721 68.4026 88.9391 
76.7048 86.083 100.041 
83.513 103.607 100.51 
105.133 105.161 128.876 
104.059 120.128 115.474 
125.878 113.353 132.938 
128.322 133.092 143.121 
123.474 137.873 127.053 
132.694 125.927 132.209 
150.27 94.4067 90.7252 
112.13 70.2378 72.9732 
77.9577 40.7291 -3.77541 
-0.041331 0.34854 1.16652 
3.84091 5.42782 9.45853 
13.2998 11.2508 20.8377 
19.4409 35.2988 30.2426 
42.8723 42.1771 50.8858 
49.6343 55.9293 59.7381 
68.4235 64.7726 79.2667 
78.838 88.8475 85.8106 
103.191 98.1394 102.63 
114.331 123.989 104.048 
137.698 127.854 135.431 
128.984 157.507 126.098 
148.205 138.491 133.913 
143.286 130.271 155.114 
130.481 136.454 119.053 
110.719 123.358 94.0907 
116.656 100.786 87.6426 
44.8707 91.7436 -7.17033 
-0.0452836 0.471929 0.397858 
3.6595 3.6768 8.5691 
9.24056 19.9978 15.4772 
24.961 23.8674 32.0352 
30.5038 43.0804 42.4149 
46.0653 55.1162 59.8265 
62.4736 74.7713 72.1036 
78.6237 85.6755 97.4949 
86.9001 103.833 105.351 
111.996 90.5023 130.785 
105.997 120.003 119.928 
112.774 136.71 119.413 
129.154 122.605 130.167 
131.139 119.296 118.448 
120.249 123.559 121.259 
113.193 115.663 111.351 
77.391 100.489 37.2703 
104.311 52.3756 -4.77936 
-0.0246628 0.216289 1.08318 
3.27882 7.33616 9.76338 
8.20335 18.2239 17.6191 
25.8247 27.9068 30.673 
40.5094 37.5951 46.2026 
61.2682 51.556 70.3661 
58.7395 73.5155 85.0448 
71.8874 100.8 90.7055 
95.8764 109.542 100.386 
111.772 108.23 130.184 
108.764 136.994 129.278 
130.646 116.822 138.267 
137.415 134.701 155.503 
121.827 154.894 125.731 
141.956 116.279 134.306 
115.168 118.869 126.473 
71.3775 134.074 50.5104 
81.6863 42.8538 -1.37679 
-0.058114 0.517224 1.77433 
1.48682 5.71489 7.86321 
11.0489 18.1027 11.8533 
22.6561 25.9701 28.765 
29.8311 47.0996 41.7799 
43.6073 55.0533 60.2594 
64.3556 81.4463 60.5819 
94.119 75.4653 88.7466 
84.7622 94.5829 110.262 
87.6218 126.101 114.548 
118.794 118.92 115.639 
145.899 124.741 141.094 
116.023 147.805 112.978 
134.128 160.459 92.586 
152.031 126.494 100.531 
117.744 97.7955 97.4418 
108.606 70.6431 68.5809 
87.0973 37.4176 -4.27004 
-0.0311477 0.234732 1.16882 
3.53202 5.39331 8.99791 
12.373 11.301 21.7824 
27.8565 21.1723 38.9799 
40.5471 31.7601 52.3378 
51.1993 54.1341 62.98 
64.6639 67.5099 82.2294 
66.41 85.4364 95.367 
102.974 98.7852 104.589 
119.593 103.482 115.415 
133.375 118.62 125.373 
114.789 139.053 133.087 
157.768 128.134 146.459 
127.321 109.078 153.698 
121.287 123.841 132.682 
121.022 126.284 93.5924 
90.0035 107.891 47.3349 
86.1133 51.4305 -5.85812 
-0.0253094 0.173553 1.38901 
2.50763 4.53272 7.31522 
9.40528 16.9694 15.5082 
18.0187 29.843 24.9142 
35.8999 42.6274 47.8618 
43.6198 58.9527 64.3435 
61.0392 73.358 69.0968 
86.6563 97.0089 73.9655 
97.7706 99.9419 107.693 
91.6986 115.884 119.196 
99.4481 129.643 123.132 
137.27 120.738 121.035 
113.458 121.175 131.083 
134.443 142.84 112.283 
117.967 122.576 119.838 
91.7569 108.677 104.714 
84.3192 102.136 52.0708 
98.829 18.9825 -2.19501 
-0.0221042 0.112356 2.57905 
1.87965 5.25978 12.6435 
9.49735 11.8666 25.3403 
20.6558 27.4591 32.4512 
30.5922 34.2068 46.8969 
48.6789 50.681 62.3484 
51.047 71.5484 72.4359 
78.8374 78.3654 95.7424 
106.453 84.1182 102.389 
128.494 95.9287 123.19 
125.421 126.666 119.593 
124.335 136.303 126.149 
149.518 142.359 119.393 
135.243 118.587 144.862 
141.283 107.124 137.156 
112.71 110.771 125.515 
79.4246 74.2714 43.839 
86.2853 2.08739 -0.578754 
-0.00934868 -0.0173255 1.22693 
2.90422 4.3671 3.9718 
12.0667 12.1757 17.6206 
15.954 26.6772 26.8663 
38.0167 43.5818 43.698 
49.2849 55.6843 55.5331 
74.439 73.4673 75.6947 
76.3602 89.271 73.7416 
90.1436 105.314 109.32 
85.0169 114.237 100.142 
126.122 102.165 122.688 
124.912 114.356 124.644 
115.314 125.86 137.646 
114.799 135.417 100.44 
124.581 97.7867 130.301 
93.8248 99.8792 67.5502 
88.4872 100.988 77.1649 
58.6176 -3.07286 -0.0797921 
0.000733728 -0.111195 1.30244 
2.29771 4.26668 10.0374 
11.2317 13.0953 17.3455 
25.2084 26.1749 35.2622 
32.0354 37.3304 38.0114 
46.3706 50.0106 58.1779 
58.3259 58.6943 71.5334 
83.0409 80.2064 87.1762 
105.716 81.1612 94.8866 
106.716 119.505 111.369 
117.278 118.787 122.169 
117.2 139.461 124.806 
119.423 129.203 105.902 
150.726 97.1802 159.371 
91.3734 148.239 90.676 
111.43 108.404 96.1273 
121.713 28.344 72.6203 
73.7727 -7.51509 0.00759413 
0 -0.0717889 0.740753 
3.46788 5.20131 4.60563 
9.11439 10.2705 18.2448 
18.8382 20.2777 22.78 
34.1499 35.8263 48.2416 
53.9905 57.4333 53.0094 
73.7552 63.8576 78.6199 
71.8699 74.2184 89.5945 
79.6259 93.3225 118.339 
81.5395 99.8996 99.2273 
106.308 114.41 109.778 
127.667 102.28 119.047 
144.608 109.282 135.96 
119.557 128.945 90.2546 
141.352 91.2272 133.109 
92.6627 101.616 81.246 
58.9418 77.7732 69.2889 
8.10475 -1.23103 0 
0 0.00302506 -0.115918 
3.22922 2.66935 7.22184 
13.0412 14.581 13.0428 
24.9185 20.9523 33.7541 
30.5526 39.0265 32.3401 
40.7266 43.9446 51.3786 
59.073 51.8933 74.7294 
67.6733 86.2065 77.7066 
99.4404 93.91 81.8752 
94.6489 129.448 105.118 
122.833 121.112 100.079 
121.525 127.089 119.876 
99.4878 138.642 107.496 
112.065 128.18 108.674 
128.33 83.1034 103.23 
79.2341 105.127 67.7425 
92.1047 65.8576 70.5849 
-1.36754 -0.218144 0 
0 1.92663e-05 -0.231398 
2.7021 4.93754 3.10158 
8.17045 9.29229 14.3991 
17.8428 23.8827 25.8803 
28.8256 38.9991 39.2429 
53.0795 48.1581 64.0201 
57.3193 64.7123 74.3661 
68.4341 71.1143 83.2156 
77.4104 93.4152 103.231 
100.932 78.3557 113.668 
74.7873 118.199 101.567 
121.584 105.74 114.111 
125.282 108.363 120.529 
121.927 105.914 117.536 
92.4934 125.821 113.381 
102.96 93.4169 94.9252 
67.6586 61.052 54.8179 
-5.79579 0.0276653 0 
0 0 -0.0649527 
0.108886 5.24592 6.68324 
7.76003 13.8706 14.5167 
16.7395 21.8934 22.999 
28.442 36.5223 36.8366 
40.2977 48.5643 42.1513 
55.6791 73.0245 54.6326 
76.1921 77.2464 89.7027 
79.7434 78.423 81.7321 
89.2563 114.352 96.4741 
129.076 111.369 114.817 
105.752 126.092 114.582 
115.089 115.891 106.594 
117.284 110.162 113.571 
90.0896 132.192 49.4143 
94.9233 67.8679 61.5448 
67.3537 40.3242 2.84965 
-0.502181 0 0 
0 0 0.00771206 
-0.140065 1.34977 5.30077 
7.83023 9.20807 11.2843 
22.3044 19.1888 24.283 
35.1026 26.8608 34.9128 
41.0909 45.0732 54.0631 
63.6286 38.2578 67.9321 
67.1209 63.3719 72.401 
94.5541 84.3515 92.2904 
103.131 76.0018 103.755 
78.4445 99.0558 97.6168 
99.0971 103.577 110.283 
95.7929 121.548 106.945 
88.1515 126.056 93.6705 
98.7573 90.6427 89.1705 
110.613 85.4161 45.4422 
109.21 21.596 -2.19435 
0.0635786 0 0 
0 0 0 
-0.0526123 0.378141 8.74454 
2.85983 11.6657 11.6569 
13.3438 19.6648 22.3315 
21.8168 35.3196 39.8819 
44.1392 42.0434 43.5859 
47.5928 74.1392 60.0825 
76.4588 60.7599 88.9033 
59.1628 81.6007 90.2841 
73.2065 118.495 84.0876 
116.271 104.757 118.326 
102.833 106.527 102.016 
113.617 85.1175 121.785 
101.991 90.0635 94.6577 
90.8463 101.961 77.1281 
66.3728 61.9207 47.6064 
68.8223 3.6989 -0.939421 
0 0 0 
0 0 0 
0.00287878 -0.281879 1.82579 
8.34271 6.73911 13.0271 
14.5636 20.5474 21.4449 
29.7043 29.9005 22.1177 
37.0117 44.5099 52.9396 
43.8377 53.717 50.5077 
57.7543 64.6659 80.6237 
73.7546 83.9875 75.9408 
86.6136 75.1731 89.1634 
82.9315 94.0818 97.7009 
82.917 103.915 102.514 
107.636 114.599 77.5043 
118.276 96.7965 100.181 
91.3583 74.193 80.9733 
80.2465 39.8929 94.851 
17.0051 -3.23374 0.110321 
0 0 0 
0 0 0 
0 -0.0181821 0.199493 
5.24861 8.7852 7.54772 
14.2327 14.634 17.7869 
25.3651 19.0371 46.5886 
29.2632 42.5497 34.4743 
56.8069 43.4979 73.878 
59.3528 66.2114 63.4543 
69.2843 79.4654 76.3729 
88.3761 103.51 90.459 
81.6205 102.742 86.0891 
108.519 93.9378 87.8581 
88.3307 88.2915 97.2148 
83.6118 53.7167 126.285 
36.3471 112.727 45.5813 
74.2526 81.6257 26.8273 
-3.11991 0.138195 0 
0 0 0 
0 0 0 
0 0.00214734 -0.0526942 
-0.612272 8.90208 10.9983 
4.38403 23.343 14.2565 
25.751 31.2367 19.1797 
45.5066 26.6999 51.3408 
43.5103 53.6526 44.6858 
61.0425 52.2887 69.5353 
69.0736 79.3591 62.7885 
79.8264 61.858 75.5753 
95.296 81.1431 97.6831 
81.011 86.9621 105.426 
90.2344 97.5239 79.4561 
106.597 83.0781 84.5507 
74.9665 80.9782 28.5334 
68.0967 37.7747 -4.59648 
0.0523481 0 0 
0 0 0 
0 0 0 
0 0 0.00217506 
-0.071943 -0.985301 10.1712 
19.5604 2.13289 19.7243 
21.1228 14.9517 31.9497 
28.7597 35.258 42.0927 
40.0185 41.5415 49.4226 
59.5963 55.1946 71.4179 
48.6542 77.8768 67.8469 
71.0688 103.998 70.6015 
90.8406 78.1513 80.0612 
93.9902 87.7256 71.0573 
91.0758 68.2837 109.802 
55.8292 88.5156 62.1497 
65.036 35.8849 89.1913 
73.6375 -1.8219 -0.618068 
0.0011305 0 0 
0 0 0 
0 0 0 
0 0 0 
0.00546408 -0.30957 1.97498 
8.05972 16.747 11.3344 
15.8892 28.3609 24.7865 
26.3885 29.3132 37.3227 
33.4142 52.1538 48.2141 
52.844 52.5081 55.9058 
66.6801 66.1667 61.5981 
79.2532 54.5385 80.702 
66.3789 74.4597 80.9557 
73.3345 69.3741 96.7525 
74.0578 76.2725 60.1348 
68.2312 73.718 73.3789 
44.6938 78.1971 43.4637 
1.10629 -1.26271 0.0781626 
0 0 0 
0 0 0 
0 0 0 
0 0 0 
0 0.0277155 -0.420071 
0.191497 13.5153 15.7313 
12.022 15.389 23.6754 
24.4783 34.3147 31.9536 
37.6588 43.4143 34.8727 
50.157 50.3067 38.2173 
76.6055 51.562 52.4939 
74.334 62.546 70.9073 
74.0133 82.2507 72.3447 
73.6022 71.251 74.5982 
70.7992 65.2034 88.0147 
59.4252 51.9257 37.56 
70.9475 55.0362 -5.29291 
-0.990318 0.102876 0 
0 0 0 
0 0 0 
0 0 0 
0 0 0 
0 0 0.014909 
-0.107117 -1.91573 10.0117 
19.092 15.783 16.7064 
19.8339 30.3402 28.1352 
36.5823 29.2865 38.3875 
47.8806 44.8774 61.5071 
32.1044 58.3102 82.3762 
27.038 88.117 55.6932 
59.5378 57.7516 60.7062 
74.0703 83.1075 55.2987 
60.8897 64.4745 73.046 
35.33 77.7631 53.0927 
38.2649 -3.52855 -0.341779 
0.0203159 0 0 
0 0 0 
0 0 0 
0 0 0 
0 0 0 
0 0 0 
0 0.0880167 -1.61106 
6.01298 17.303 22.1148 
14.8925 16.6199 23.3151 
28.6714 31.0325 48.1154 
35.2656 38.976 41.5467 
62.4461 42.8293 43.2309 
59.4858 61.4138 41.4951 
82.9181 57.321 72.2686 
44.6138 49.0795 69.655 
57.8001 43.2759 33.8084 
41.5315 69.754 12.235 
-5.79996 -0.120516 0.0295772 
0 0 0 
0 0 0 
0 0 0 
0 0 0 
0 0 0 
0 0 0 
0 0 0.0717415 
-0.850921 0.199293 8.68596 
32.8079 18.4621 28.3393 
22.7648 22.5837 31.1593 
14.9312 57.6996 30.8701 
35.9282 49.8895 53.4077 
47.3913 51.2279 50.8321 
49.2381 25.4243 67.0237 
51.14 54.6433 31.8137 
43.1056 60.0302 70.2105 
26.7039 -4.24052 -1.69983 
0.169863 0 0 
0 0 0 
0 0 0 
0 0 0 
0 0 0 
0 0 0 
0 0 0 
0 0 0 
0.00954299 -0.0873281 -1.0363 
-0.358024 8.86597 26.5832 
16.9696 35.0904 28.3452 
28.1455 27.721 29.3408 
45.5663 20.2831 44.8252 
30.4332 43.6271 49.2015 
45.0332 57.4556 38.7303 
35.2236 47.731 64.3311 
47.5919 20.8791 7.03967 
-3.32698 0.114708 0.00212362 
0 0 0 
0 0 0 
0 0 0 
0 0 0 
0 0 0 
0 0 0 
0 0 0 
0 0 0 
0 0 0.0201459 
-0.202712 -1.22155 1.67069 
7.80036 18.9196 14.8982 
47.7265 23.6054 33.1056 
27.4681 41.133 32.1809 
35.501 31.555 38.3829 
21.559 54.3188 37.2772 
57.8486 23.3715 9.366 
1.66762 -2.50553 -0.805201 
0.0664146 0 0 
0 0 0 
0 0 0 
0 0 0 
0 0 0 
0 0 0 
0 0 0 
0 0 0 
0 0 0 
0 0 0 
3.45105e-05 0.030417 -0.24347 
-0.873206 -1.7855 -0.417483 
0.511635 11.5129 24.8995 
15.8484 25.224 38.3835 
29.9669 24.9676 45.733 
20.1972 20.2994 1.42664 
-3.20085 0.428698 -1.38536 
-0.103797 0.00553743 8.93623e-05 
0 0 0 
0 0 0 
0 0 0 
0 0 0 
0 0 0 
0 0 0 
0 0 0 
0 0 0 
0 0 0 
0 0 0 
0 0 0 
0 0.00013271 0.0158775 
-0.165656 -1.22961 -2.14568 
-1.61285 -1.39069 -2.60725 
-2.92084 -1.71788 -4.31219 
-2.08221 -2.41548 -0.158206 
-0.11351 -0.147966 0.016065 
0 0 0 
0 0 0 
0 0 0 
0 0 0 
0 0 0 
0 0 0 
0 0 0 
0 0 0 
0 0 0 
0 0 0 
0 0 0 
0 0 0 
0 0.000173827 -0.00148092 
-0.0256154 -0.0303162 -0.0578601 
-0.0212609 -0.0279109 -0.0429627 
-0.0438038 -0.0104127 -0.0245155 
-0.030432 -0.030901 -0.0104363 
-0.0117463 0.00122613 0 
0 0 0 
0 0 0 
0 0 0 
0 0 0 
0 0 0 
0 0 0 
0 0 0 
0 0 0 
0 0 0 
0 0 0 
0 0 0 
0 0.00322318 -0.0268267 
-0.134348 -0.117668 -0.087222 
0.199343 0.289701 0.550516 
0.19899 0.2371 0.381513 
0.482243 -0.00294851 0.184272 
0.233656 0.247304 0.0144085 
0.108987 -0.189623 -0.107238 
-0.0127249 0.000319469 3.74652e-05 
0 0 0 
0 0 0 
0 0 0 
0 0 0 
0 0 0 
0 0 0 
0 0 0 
0 0 0 
0 0 0 
0 0 0.0111746 
-0.0952889 -0.249008 0.00616475 
1.14202 1.37013 1.69754 
1.79237 0.54178 1.49401 
1.10956 1.56211 0.498116 
0.415467 1.96466 1.71229 
1.41994 1.02995 2.73057 
0.954067 1.62067 1.09875 
0.138897 -0.142839 -0.125317 
0.00745087 9.74802e-06 0 
0 0 0 
0 0 0 
0 0 0 
0 0 0 
0 0 0 
0 0 0 
0 0 0 
0 0 0 
0.000510105 0.0217702 -0.461723 
0.573599 2.332 2.81349 
3.24246 1.9404 2.80537 
1.33702 5.04284 1.192 
2.31108 3.7496 3.67665 
3.25003 2.58215 2.33851 
3.15833 0.994913 2.91529 
2.47603 2.64998 2.66288 
3.62635 1.64192 1.01468 
-0.581141 -0.122431 0.0133907 
0 0 0 
0 0 0 
0 0 0 
0 0 0 
0 0 0 
0 0 0 
0 0 0 
0 0.00146033 0.00224997 
-0.422689 -0.535963 3.61068 
5.56375 4.18167 4.9101 
2.22366 6.83428 3.87609 
6.71379 3.61321 7.96161 
6.0846 5.71369 4.86659 
5.18943 6.26251 5.88741 
6.03064 6.90992 4.92386 
4.00008 4.18643 4.41879 
2.97373 4.22304 3.55046 
4.56802 0.977404 -0.400273 
0.0180936 0 0 
0 0 0 
0 0 0 
0 0 0 
0 0 0 
0 0 0 
0 0 0 
0.00595653 -0.0517902 -0.427967 
3.25915 6.65168 8.06296 
2.35696 5.50987 5.43005 
7.8237 6.98046 5.45791 
9.7721 6.57477 8.04789 
6.89736 9.11052 9.51949 
7.0025 9.33347 5.9007 
9.40714 6.50745 6.56192 
11.9411 7.48021 7.57817 
6.96061 4.99411 5.97303 
7.08308 2.34463 2.85587 
-0.659207 -0.117364 0.0125246 
0 0 0 
0 0 0 
0 0 0 
0 0 0 
0 0 0 
0 0 0.00633529 
-0.112007 -0.657146 4.34317 
10.6713 3.99944 5.45176 
8.01793 10.9648 9.99915 
10.3785 9.23771 12.9413 
8.81753 9.8469 14.4811 
10.0909 8.53479 14.8922 
6.61837 15.4323 9.7369 
11.6141 9.86593 13.5108 
6.09318 9.05435 8.78483 
9.03293 8.25892 9.96064 
4.73459 10.4064 8.1293 
5.72295 0.609557 -0.318124 
0.0199695 0 0 
0 0 0 
0 0 0 
0 0 0 
0 0 0 
0 0.00977417 -0.145425 
-0.272696 10.1987 7.39916 
7.29398 9.89917 11.3647 
12.1854 9.7758 12.0139 
11.761 14.4327 11.8837 
18.5028 15.3918 13.923 
14.5329 19.4467 13.419 
17.045 13.7054 16.87 
14.8315 15.961 11.0347 
20.6076 12.3928 15.5018 
12.3753 12.2214 7.29746 
13.4785 5.76178 10.0027 
6.90844 8.81988 1.11235 
-0.387984 0.0160244 0 
0 0 0 
0 0 0 
0 0 0 
0 0 0 
0.0231765 -0.304889 -0.0488029 
13.1471 12.335 11.5529 
11.1181 9.59052 13.843 
14.4154 14.2695 15.0123 
17.3268 19.9297 13.843 
17.4676 15.4929 18.3831 
19.2654 15.7238 21.1551 
17.4194 16.7861 17.8658 
18.2633 19.4492 18.101 
14.4836 13.565 16.8787 
11.9888 17.1977 16.8831 
12.8688 9.49823 10.4595 
10.2168 9.21583 12.6724 
0.269279 -0.277293 0.0144252 
0 0 0 
0 0 0 
0 0 0 
0 0 0.017436 
-0.650902 3.58896 15.5521 
5.89969 5.62236 9.18108 
15.7057 20.2836 15.1237 
21.8747 16.6158 23.2786 
17.7565 19.7965 21.4757 
25.2292 20.381 21.8707 
23.8778 19.7509 24.957 
20.1078 22.6359 25.5297 
19.8467 24.5838 16.208 
30.4828 16.5683 25.0958 
22.2233 13.6239 19.2115 
19.4452 17.3993 15.6028 
13.1403 7.2757 14.0992 
14.5417 -0.0172857 -0.42138 
0.0356641 0 0 
0 0 0 
0 0 0 
0 0 -0.0985736 
0.093639 5.7663 13.9379 
18.2924 15.9516 22.8271 
19.0036 14.8485 20.8021 
20.5407 21.6548 23.206 
24.8376 23.7793 27.0182 
23.3967 30.5755 26.0787 
27.7287 27.5095 32.771 
23.4268 27.4202 29.796 
18.9118 37.0177 18.0412 
26.317 22.7159 24.7118 
17.3241 27.5504 20.7253 
19.556 17.7166 17.3009 
19.4183 14.4097 9.66795 
13.9509 11.9518 2.10161 
-0.332149 0.000502448 0 
0 0 0 
0 0 0 
0 0.087794 -2.58493 
15.8218 21.8657 7.97964 
13.4981 21.4669 13.5289 
20.4187 22.9807 28.41 
22.4624 25.0454 32.4154 
21.3287 37.1151 24.1553 
30.4167 31.2102 29.2111 
32.8936 27.864 31.4797 
28.4822 35.7644 29.7912 
35.2419 25.3517 36.3133 
31.1227 26.2359 34.446 
26.8667 27.9748 20.5214 
30.5036 20.3753 21.8023 
21.3648 16.1991 23.8529 
10.3954 12.2354 8.03595 
-0.86151 0.0137199 0 
0 0 0 
0 0 0 
0.0143329 -1.02561 9.00371 
14.5787 10.2845 20.6922 
20.7963 18.6208 28.3473 
31.5039 24.3451 26.1501 
31.2534 36.2562 22.9661 
42.1284 22.5784 40.2279 
33.9539 32.7891 40.2677 
29.4407 45.7057 34.3698 
29.4532 36.9814 30.97 
36.9154 39.5947 25.3026 
37.5327 31.8245 31.7704 
25.2182 39.5474 27.8146 
28.298 27.7627 25.4196 
22.65 21.6622 16.3458 
16.7793 14.2107 30.7632 
4.39498 -0.655677 0.00431035 
0 0 0 
0 0 0 
-0.0657485 -0.532509 16.7452 
16.3454 16.3497 20.0482 
31.7941 22.1529 26.3163 
22.7839 33.9114 35.6874 
30.3798 33.0431 35.6071 
38.7341 40.7946 36.9768 
42.6762 38.4527 41.9677 
41.1735 36.9336 47.2865 
39.9302 48.612 36.0065 
44.3179 36.4125 44.3564 
40.512 35.1766 35.7027 
44.5062 25.1742 34.7009 
31.4144 31.1612 30.293 
25.4862 30.391 26.2333 
28.5718 10.7459 11.7241 
15.4143 -0.482352 -0.0401749 
0 0 0 
0 0 0.0744662 
-1.70458 7.72101 25.7696 
18.6202 30.9739 12.3317 
37.7537 21.8553 40.9692 
35.6545 32.6895 34.3809 
47.1762 34.7467 45.6471 
42.2776 42.0393 41.8326 
42.9802 44.3527 43.5746 
46.0685 49.8081 42.4161 
36.3415 45.4643 43.3773 
44.9636 52.4089 37.6612 
47.2306 42.0005 48.5023 
33.7219 48.5957 43.0899 
32.583 41.0471 29.191 
38.4777 25.537 15.9124 
32.8916 16.667 25.4543 
20.7003 10.2547 -0.858824 
0.0301817 0 0 
0 0.00123278 -0.759685 
4.51059 25.8285 18.3004 
15.8227 17.3903 35.4743 
31.1249 27.5748 32.2229 
41.7081 33.8312 44.3133 
34.4672 48.0027 40.1567 
40.5274 50.7271 49.7223 
45.4996 55.5077 51.7279 
47.0408 53.1597 52.247 
53.9823 52.673 54.8599 
53.0929 40.8859 53.4037 
49.0714 44.3485 43.6383 
48.0527 34.9665 44.0827 
35.0475 48.3226 26.4551 
36.1665 34.8076 38.0543 
23.9249 27.627 19.2658 
20.511 22.6362 0.506233 
-0.249681 0 0 
0 0.00116578 -0.509221 
9.68708 30.5985 14.7143 
25.0255 48.2053 21.1855 
40.8203 40.2489 43.3801 
33.8156 56.0626 43.2376 
52.968 48.1519 52.2198 
59.374 44.8583 59.2524 
50.1956 51.583 56.9538 
55.904 54.4715 59.3437 
49.4996 56.6157 49.0805 
55.6218 56.535 51.2775 
53.44 55.7246 49.1484 
52.0233 49.8468 50.0752 
46.712 38.6424 52.1712 
42.2312 27.8899 37.8455 
29.8034 36.6456 19.2983 
26.5323 20.4508 15.3375 
-2.01145 0.0406598 0 
0 0.0171938 -1.06185 
20.3685 23.0948 25.223 
29.6464 30.0016 32.3919 
45.7867 28.5403 54.1022 
40.178 47.0373 45.1151 
49.1372 54.2846 51.1996 
59.5944 53.3492 60.5258 
58.1375 67.91 60.2394 
56.6817 64.1246 60.8481 
59.9962 62.9469 68.1058 
58.9955 64.2191 61.7551 
55.4633 61.1301 50.876 
64.4807 45.1846 51.149 
52.4069 50.7445 42.9696 
36.7419 51.8662 39.9673 
32.7936 31.2101 33.7332 
21.4522 15.5155 27.3683 
4.48752 -0.462546 0 
0.00299729 -1.93575 17.6449 
29.9462 19.1553 34.9403 
24.6964 44.4454 32.101 
47.5107 45.6685 50.6737 
53.2238 49.7274 64.2209 
52.6428 60.8956 62.6926 
54.5188 66.0947 63.4237 
65.5723 56.6471 70.3494 
67.4271 64.3011 68.0294 
67.4879 63.6093 63.2037 
62.2283 61.2019 59.5219 
63.5735 60.342 64.732 
52.805 64.7497 57.8465 
49.6864 50.5772 60.0002 
44.3595 31.402 53.5501 
37.7928 42.4046 22.4934 
39.7926 23.5503 22.0155 
6.60339 -0.68797 0 
-0.0127068 -0.645167 15.7824 
27.7152 15.566 42.1032 
35.1233 54.2239 35.5466 
58.9881 35.1729 56.572 
48.5255 63.2357 49.3695 
67.1435 60.831 59.9032 
71.2207 61.0815 69.1723 
73.8421 75.4987 61.6557 
74.6754 64.6818 77.0904 
61.7043 77.0146 64.4277 
81.3394 68.5211 75.1072 
72.364 64.3399 63.9472 
64.7032 62.1662 58.4347 
63.8681 51.5906 47.9942 
58.1489 57.3811 41.0317 
34.028 44.0319 45.2454 
26.2941 21.0713 30.6147 
30.3316 -3.23797 0.00193081 
-0.303835 2.84409 28.9402 
19.115 42.3322 32.1595 
35.8288 32.5832 44.3449 
53.1186 56.4017 59.7242 
52.0217 73.8469 56.9589 
70.4471 68.598 70.4168 
75.8721 72.456 83.1842 
56.4088 84.4556 75.0081 
69.2545 86.9052 73.2471 
73.2057 81.7491 80.7374 
58.8633 79.7459 61.3603 
73.1718 71.813 75.581 
74.7486 53.1276 78.4468 
50.8513 83.2389 52.2274 
62.0228 52.5829 57.4337 
47.347 49.5955 31.6821 
44.9012 23.9234 26.2631 
19.7474 -1.89985 0.0919208 
-0.689084 6.17737 27.3975 
35.653 29.8976 30.7165 
52.4739 50.7717 56.4961 
55.1246 56.0185 57.9848 
70.1629 56.5872 70.925 
71.5655 66.2932 80.5402 
67.7305 71.1592 79.2511 
77.7533 86.2715 68.3687 
96.9135 67.9453 87.5932 
87.8715 74.1097 82.7394 
84.5184 85.3052 77.3408 
92.1051 64.8343 84.6384 
59.8203 82.105 67.9198 
73.9758 46.7038 70.7723 
50.8237 51.7253 54.6669 
50.0031 41.5513 47.2202 
32.1691 40.6048 27.3235 
37.8775 9.49999 -1.16106 
-1.95602 17.535 42.3341 
14.7091 42.1919 50.388 
42.4624 60.1518 39.0872 
65.1669 62.4314 60.7013 
71.4304 71.5807 75.4163 
69.1284 81.3912 82.804 
74.5226 89.8747 81.9741 
80.8428 84.3236 87.9535 
75.6012 98.9446 81.6773 
73.9353 87.0232 88.8224 
85.2151 74.1802 93.6331 
75.1922 81.594 80.8282 
78.6171 76.5573 75.4706 
70.2782 76.0678 64.7882 
72.7264 49.2613 70.9768 
33.8904 64.5285 47.2939 
43.4293 27.6354 33.2725 
26.2932 5.35997 -0.638097 
-1.65021 16.5586 24.8552 
37.9473 44.8526 38.0797 
50.0221 43.216 73.483 
56.3921 62.6338 74.6691 
65.8564 77.6286 68.4999 
90.465 69.72 83.3714 
82.3138 79.5453 95.5312 
88.8316 84.9157 89.5018 
96.634 86.3974 90.5103 
101.547 89.5368 94.0999 
83.5222 84.4367 90.0706 
80.6951 88.2641 76.5192 
88.1188 79.9114 75.8989 
83.0911 63.9148 76.6856 
67.9296 72.5855 65.1645 
67.1815 54.9093 36.4595 
50.793 43.7754 31.2899 
38.9783 19.9475 -2.1616 
-2.18064 25.7383 49.6102 
23.1615 43.5059 47.1841 
52.4184 70.5411 40.7344 
74.7369 74.0111 71.0102 
80.7015 77.7876 85.156 
79.4253 86.3816 86.6703 
96.2922 88.671 87.1051 
95.9396 91.5881 93.7978 
100.741 92.3417 103.733 
90.0158 98.2122 96.0059 
98.8288 102.422 89.854 
102.696 96.568 92.0815 
83.5547 84.1182 84.1825 
75.5672 86.1364 69.8616 
69.5736 63.709 54.7311 
53.6628 55.0305 76.7213 
26.6224 60.9965 17.8909 
44.7946 23.4728 -2.18212 
-0.974336 23.692 40.8166 
25.8696 53.8884 50.7086 
50.095 65.8294 68.4824 
73.3532 55.1289 74.7049 
72.7794 73.641 84.4196 
88.3472 92.0503 98.9841 
88.4868 92.5055 111.89 
92.2677 98.5775 109.503 
86.6421 104.007 96.7208 
96.9567 93.5886 110.901 
85.9996 96.0123 89.6743 
94.5146 82.0301 93.9444 
87.4148 89.3713 92.4617 
78.8477 84.4996 75.9708 
77.46 71.6465 73.8871 
81.8823 49.6947 47.1866 
57.423 34.838 36.1186 
37.3716 19.5097 -1.81278 
-2.51624 29.0366 35.7304 
48.1549 44.2796 59.3495 
67.0231 47.2493 73.7948 
61.7093 97.4922 75.4561 
96.8588 88.0596 97.04 
89.7142 92.8757 93.9251 
100.256 90.0042 104.457 
97.9887 106.125 97.2763 
112.044 102.311 102.206 
109.751 114.804 92.7911 
118.747 106.237 108.973 
101.254 118.816 92.4968 
106.448 95.8999 90.2452 
94.0545 83.7276 97.6491 
79.36 81.3062 69.4825 
62.6236 69.1509 51.4463 
62.0549 52.553 44.7333 
22.1474 44.8548 -3.50745 
-3.41933 51.6136 24.4384 
41.0572 35.7652 53.62 
49.0415 85.4046 57.0651 
81.6714 68.5242 83.6702 
73.1112 93.4511 84.949 
84.4402 96.0017 97.1699 
95.3285 108.429 98.0778 
102.844 106.236 114.507 
98.7134 112.058 109.763 
112.513 86.8402 122.014 
94.4981 104.59 100.491 
91.7294 108.154 91.6534 
95.8236 88.5853 91.9464 
89.6475 79.5728 76.6218 
76.6883 76.7634 72.9843 
67.161 66.3879 62.6214 
42.5784 54.6512 19.5632 
54.3116 27.1174 -2.47477 
-2.22953 24.6172 32.8238 
44.8868 64.4131 65.9139 
46.0963 80.1346 69.6019 
86.5291 84.6791 82.1653 
99.1619 85.1681 95.2578 
118.329 93.0294 118.298 
93.2152 110.36 120.285 
97.253 129.278 111.806 
111.855 124.527 107.471 
116.114 107.927 125.325 
100.924 123.881 111.803 
110.485 95.0756 110.099 
105.593 101.137 113.174 
86.4625 107.076 84.7211 
93.4017 74.4879 84.4497 
70.4442 71.9061 74.1648 
41.3255 75.0355 28.0767 
44.2669 22.4357 -0.719797 
-3.39601 36.992 63.809 
19.5016 52.099 56.0849 
61.4833 84.2156 47.8613 
79.8469 79.1607 81.4397 
76.1472 109.477 90.5573 
86.8163 103.636 104.877 
106.572 126.787 89.2274 
132.002 101.502 112.745 
103.766 109.734 123.978 
94.1106 131.62 114.89 
114.38 110.567 105.291 
127.571 105.893 115.849 
92.8142 114.777 85.4049 
99.5684 115.089 64.8804 
104.115 84.0769 65.3961 
75.1496 60.7533 59.4619 
64.4117 41.4003 39.0644 
48.3414 20.89 -2.37735 
-2.02167 19.1044 42.0338 
46.9531 53.8097 65.08 
71.5558 55.173 90.1626 
100.236 67.3726 114.372 
105.377 77.4197 115.986 
106.084 104.148 114.011 
110.906 107.799 125.977 
96.1583 117.592 125.454 
128.83 119.736 120.441 
133.749 111.206 119.01 
133.53 115.202 116.605 
104.533 121.77 114.294 
130.304 103.545 114.996 
96.899 81.0705 111.17 
86.1468 85.3013 89.241 
79.7726 81.0124 59.0812 
55.4841 65.3118 28.1416 
49.7321 29.5613 -3.3708 
-1.63579 14.2348 45.6306 
36.2744 44.548 56.0357 
56.4322 84.0298 67.4911 
66.7237 100.695 74.3899 
98.5274 107.408 110.208 
93.2549 119.186 120.549 
106.626 123.935 108.374 
130.261 138.155 101.205 
128.569 124.503 130.262 
105.504 127.928 128.628 
102.504 129.532 118.84 
128.564 109.54 107.047 
97.2808 100.804 106.367 
105.864 110.067 84.2786 
85.7968 87.9388 83.7807 
62.6473 72.6014 68.0133 
53.9776 63.9048 32.051 
59.0213 11.2662 -1.30335 
-0.967601 7.23345 80.0818 
31.7429 53.1709 99.6923 
55.0579 65.3351 109.695 
80.6125 94.8261 99.3733 
86.3136 88.9182 110.876 
107.723 104.917 120.591 
93.4905 122.153 117.895 
122.461 116.016 134.94 
143.079 108.537 126.575 
153.259 110.399 136.451 
134.397 130.535 120.381 
120.155 128.574 114.363 
132.607 122.366 99.9226 
110.681 94.2806 111.936 
107.381 78.7009 98.7034 
79.1941 76.7445 84.5539 
52.4101 47.6927 27.7615 
53.7401 1.28104 -0.361253 
-0.384634 1.50779 34.8644 
47.0811 48.9175 30.0221 
76.9298 66.4196 80.6612 
63.751 94.5331 86.0491 
110.407 116.146 108.196 
111.804 119.681 110.654 
139.803 131.159 127.881 
122.108 135.383 107.696 
125.407 140.558 140.194 
104.603 134.952 114.891 
138.616 109.157 126.485 
124.97 110.499 117.811 
105.733 112.126 118.777 
96.8456 110.897 80.9606 
96.891 74.756 97.5523 
68.0813 71.1093 46.9935 
60.4272 67.2842 49.9683 
37.3705 -1.98573 -0.0496235 
0.0305457 -3.04533 37.1853 
38.3792 47.3314 83.1905 
73.0156 72.4874 80.9337 
104.633 95.5732 117.657 
96.1926 102.133 96.5474 
109.806 108.293 121.176 
112.858 108.001 124.032 
137.367 125.713 130.769 
151.715 111.587 125.04 
134.963 147.221 130.773 
134.109 129.867 130.71 
120.72 139.449 120.84 
112.35 118.308 94.8262 
130.167 82.6869 130.695 
74.1708 116.097 69.0592 
83.5792 79.1045 69.2456 
85.3108 19.8578 48.7609 
49.3674 -5.02068 0.00471321 
0 -1.79814 20.415 
58.5472 60.3488 38.5076 
62.7445 56.7752 90.4592 
79.7407 75.1987 78.9722 
104.281 101.689 126.025 
131.924 129.934 113.35 
146.674 120.251 142.136 
120.795 120.833 138.216 
118.129 131.981 160.454 
107.443 125.381 120.21 
124.295 130.025 119.881 
136.213 105.163 119.623 
140.388 102.899 125.205 
107.121 112.211 76.9082 
116.726 74.5318 105.303 
71.8339 76.455 60.476 
42.2297 55.0126 48.2294 
5.39427 -0.833628 0 
0 0.0868957 -2.24913 
54.501 33.6551 60.2758 
94.4319 83.0847 66.6501 
107.713 82.3773 118.145 
96.6189 114.041 86.6856 
102.666 101.853 113.236 
120.722 102.007 136.813 
117.986 144.129 123.719 
151.248 137.181 113.83 
127.841 167.369 131.745 
148.412 141.133 113.342 
132.601 134.576 123.16 
99.8279 135.015 101.672 
103.07 114.973 95.5474 
109.569 69.2836 83.2623 
63.5838 81.5948 51.4261 
68.8745 47.7817 50.159 
-0.961559 -0.157584 0 
0 0.000353091 -3.50869 
43.2053 61.6508 28.632 
57.5942 55.3656 74.7091 
80.0212 95.9775 92.0179 
96.2434 116.096 108.083 
136.348 115.832 143.735 
121.598 128.816 140.741 
123.209 122.406 135.687 
121.508 140.33 148.821 
139.872 104.973 145.909 
92.9428 141.687 117.397 
137.478 114.873 120.892 
128.868 108.298 116.838 
115.991 97.4484 105.717 
80.8849 107.976 94.5789 
84.3626 74.7395 74.28 
51.934 45.8005 40.7455 
-4.29471 0.0195463 0 
0 0 -0.958113 
2.92984 61.7243 62.5413 
59.008 82.9937 77.8995 
77.888 89.3694 84.8237 
96.7358 111.254 106.106 
106.878 119.499 97.3514 
121.716 149.905 107.524 
140.272 136.511 151.009 
127.485 120.782 120.873 
126.649 157.134 127.022 
164.951 137.079 137.212 
122.351 141.918 124.181 
121.79 119.077 106.651 
114.372 104.713 104.79 
81.6325 116.539 42.6866 
80.2733 55.8021 49.4999 
52.8773 31.0885 2.0861 
-0.376885 0 0 
0 0 0.114875 
-1.78985 15.5061 52.583 
58.1102 58.5981 62.5591 
105.556 79.374 93.9349 
120.293 85.795 102.171 
109.946 115.047 128.52 
142.712 80.0486 135.658 
127.568 114.419 126.254 
155.321 133.752 140.249 
150.991 106.808 140.694 
102.944 125.996 119.33 
117.398 119.76 123 
104.542 127.994 110.042 
88.2936 122.512 88.9038 
92.0861 81.939 78.5499 
95.0636 72.0555 37.3545 
88.2333 17.1749 -1.7317 
0.0475721 0 0 
0 0 0 
-0.529655 3.83287 86.0617 
22.1515 74.6258 64.6183 
66.874 84.1367 87.1842 
77.77 113.32 120.078 
124.533 108.125 105.794 
109.709 159.656 124.755 
147.641 113.827 157.059 
100.386 132.777 141.125 
109.532 171.273 117.139 
156.732 135.209 148.997 
125.256 126.109 116.82 
126.021 92.6483 128.056 
104.22 90.2043 92.1699 
86.315 94.1324 70.6355 
59.1117 53.8807 40.5344 
57.2713 2.95708 -0.764709 
0 0 0 
0 0 0 
0.0290673 -2.49172 15.1064 
70.4738 43.5998 74.6223 
72.3157 92.117 85.3389 
108.481 99.5344 68.7924 
104.73 120.291 131.232 
103.04 120.865 105.552 
115.055 124.005 145.972 
128.45 140.393 120.697 
133.812 111.217 126.856 
114.851 126.672 125.29 
104.042 125.488 120.904 
123.343 126.948 83.8674 
124.961 99.7163 100.023 
88.9804 70.8775 74.8387 
72.6796 35.3044 82.1913 
14.5545 -2.7224 0.0895896 
0 0 0 
0 0 0 
0 -0.149907 1.73709 
42.5045 60.6148 44.2332 
74.1553 64.7735 74.6856 
92.779 65.0677 147.388 
85.2068 115.821 88.7061 
136.722 98.8548 159.206 
122.208 128.834 118.55 
124.09 134.562 126.03 
139.026 157.251 132.556 
114.986 140.478 112.887 
139.752 116.202 106.564 
103.146 100.585 108.078 
89.7621 56.6465 129.053 
36.8154 109.808 43.8701 
69.1626 74.7396 23.8749 
-2.73163 0.117612 0 
0 0 0 
0 0 0 
0 0.0178338 -0.410827 
-4.65973 60.2369 67.9072 
21.7766 109.195 60.077 
98.9204 108.13 63.6795 
135.242 75.4317 134.049 
108.144 124.943 100.084 
126.699 105.252 132.145 
126.828 138.301 105.768 
129.543 96.3395 113.082 
138.037 113.659 132.54 
106.295 110.625 130.218 
107.929 114.131 89.6413 
117.607 89.4803 88.878 
76.3306 81.1624 27.7045 
65.1488 35.2853 -4.25966 
0.04647 0 0 
0 0 0 
0 0 0 
0 0 0.0153853 
-0.493012 -5.88182 59.3097 
108.568 9.23986 84.4861 
82.4713 54.096 105.756 
87.187 102.829 113.518 
100.288 99.2772 112.306 
128.031 112.8 138.931 
91.6439 139.547 115.889 
117.715 164.685 109.237 
134.49 111.897 111.187 
126.601 114.114 90.5897 
111.328 81.8545 127.78 
63.9133 97.4673 67.0358 
68.522 36.5912 88.9427 
72.1645 -1.82848 -0.597731 
0.00103401 0 0 
0 0 0 
0 0 0 
0 0 0 
0.0360112 -1.87051 12.1117 
43.4624 82.5318 50.209 
62.9691 104.078 83.7051 
82.8761 85.5874 102.87 
85.9927 127.461 111.322 
116.035 111.177 111.411 
128.23 120.154 109.299 
134.393 89.3317 125.775 
101.793 109.184 114.68 
100.783 92.4256 124.805 
93.1732 93.456 71.3594 
78.6792 83.4583 79.9209 
47.9171 82.2887 44.1347 
1.22545 -1.24618 0.0751203 
0 0 0 
0 0 0 
0 0 0 
0 0 0 
0 0.164155 -2.38672 
1.0832 66.7865 70.9727 
50.0037 57.6615 82.0473 
78.4113 103.994 89.4906 
99.1342 109.305 83.328 
112.558 106.91 78.7554 
149.742 96.9583 94.1027 
127.9 105.372 113.691 
114.656 122.925 105.042 
103.616 97.2479 98.7765 
90.6566 81.6073 106.696 
70.2649 60.181 42.7121 
77.8263 58.9257 -5.48401 
-0.999934 0.103127 0 
0 0 0 
0 0 0 
0 0 0 
0 0 0 
0 0 0.0766169 
-0.560592 -8.83468 43.7713 
81.3545 59.7895 58.8397 
64.7715 93.5813 80.2138 
99.0812 74.1898 93.533 
109.62 99.1211 127.757 
64.4592 111.827 151.619 
48.0979 149.845 90.5418 
95.4629 88.6888 89.6564 
107.197 114.905 75.1212 
80.2719 82.5928 91.3172 
42.5924 91.587 61.0385 
42.5987 -3.77689 -0.368339 
0.0214692 0 0 
0 0 0 
0 0 0 
0 0 0 
0 0 0 
0 0 0 
0 0.383673 -6.85093 
24.8038 68.0749 80.2945 
50.928 51.3522 69.4784 
78.4629 82.098 118.941 
82.665 87.6304 88.7241 
127.392 84.4504 80.3765 
107.791 107.145 69.6541 
134.178 89.408 110.482 
65.1213 70.3486 96.5359 
77.1176 56.4287 42.4353 
51.8181 83.8209 14.4568 
-6.58103 -0.127252 0.0323032 
0 0 0 
0 0 0 
0 0 0 
0 0 0 
0 0 0 
0 0 0 
0 0 0.295261 
-3.4728 0.776529 31.6781 
111.989 59.3258 84.8797 
63.4011 60.5328 77.9661 
36.3875 131.138 67.5826 
74.7702 99.418 103.17 
87.6862 90.6699 87.6456 
81.0909 40.8669 103.754 
76.0702 79.5453 44.6483 
59.239 80.2448 91.434 
33.4921 -5.18105 -2.00529 
0.200367 0 0 
0 0 0 
0 0 0 
0 0 0 
0 0 0 
0 0 0 
0 0 0 
0 0 0 
0.0359188 -0.339512 -3.71676 
-1.23384 28.6228 81.5536 
49.5689 96.2249 71.8466 
70.5295 63.7223 65.8908 
96.9463 41.8484 87.5888 
56.8473 79.4469 85.84 
76.4186 92.9522 61.8661 
54.0303 70.8468 93.2637 
66.6913 27.934 9.31218 
-4.22678 0.147587 0.0025706 
0 0 0 
0 0 0 
0 0 0 
0 0 0 
0 0 0 
0 0 0 
0 0 0 
0 0 0 
0 0 0.0672289 
-0.685081 -3.8728 5.01103 
22.5736 52.4576 38.9933 
119.379 56.6796 75.436 
59.3838 85.6137 64.849 
68.2028 59.2954 67.9635 
38.0608 90.5704 60.6256 
89.4609 35.5442 13.6352 
2.27893 -3.35888 -1.06047 
0.0875439 0 0 
0 0 0 
0 0 0 
0 0 0 
0 0 0 
0 0 0 
0 0 0 
0 0 0 
0 0 0 
0 0 0 
0.000107052 0.09063 -0.733925 
-2.51916 -4.95463 -1.04662 
1.21877 27.7484 57.289 
35.2628 53.107 78.614 
57.9301 47.4266 82.1568 
35.7552 34.1233 2.25956 
-4.9572 0.717459 -2.04182 
-0.138958 0.00783306 0.000125078 
0 0 0 
0 0 0 
0 0 0 
0 0 0 
0 0 0 
0 0 0 
0 0 0 
0 0 0 
0 0 0 
0 0 0 
0 0 0 
0 0.000338627 0.0384354 
-0.406684 -2.96122 -4.93529 
-3.56311 -2.92746 -5.32308 
-5.65513 -3.27422 -7.72957 
-3.6814 -4.05769 -0.251913 
-0.17395 -0.227989 0.0247576 
0 0 0 
0 0 0 
0 0 0 
0 0 0 
0 0 0 
0 0 0 
