46.429000 46.586000 46.550000 46.611000 46.605000 47.171000 47.129000 52.290000 52.220000 52.309000 1.629000 1.604000 1.597000 1.597000 1.605000 1.604000 1.711000 1.598000 1.605000 1.601000 
Errorsimple=0.000000
77.409000 77.341000 77.641000 78.768000 77.500000 77.775000 74.788000 76.267000 76.613000 77.540000 6.778000 6.624000 6.778000 6.591000 6.624000 6.769000 6.830000 6.640000 6.622000 6.726000 
Errorsimple=0.000000
104.573000 108.679000 112.854000 107.421000 104.441000 108.139000 109.030000 119.124000 109.516000 106.542000 13.884000 9.178000 5.870000 5.887000 5.900000 5.926000 5.929000 5.863000 7.165000 7.288000 
Errorsimple=0.000000
168.505000 156.389000 157.094000 162.975000 154.448000 173.710000 167.310000 152.657000 163.574000 167.281000 18.787000 7.906000 7.951000 7.931000 8.004000 11.466000 11.491000 10.441000 9.438000 9.490000 
Errorsimple=0.000000
260.451000 260.702000 237.825000 260.098000 260.994000 259.579000 243.365000 259.273000 259.017000 259.712000 7.750000 7.708000 7.699000 7.753000 7.765000 7.669000 7.692000 7.675000 7.617000 7.745000 
Errorsimple=0.000000
440.074000 424.886000 422.770000 435.014000 449.057000 442.295000 433.793000 445.490000 434.227000 453.303000 10.400000 10.346000 10.401000 10.366000 10.326000 10.364000 10.270000 10.272000 10.352000 9.576000 
Errorsimple=0.000000
923.317000 952.539000 934.763000 910.307000 951.814000 951.716000 857.153000 853.808000 859.900000 865.096000 16.723000 16.691000 16.794000 16.926000 16.816000 16.741000 17.021000 16.682000 16.863000 16.571000 
Errorsimple=0.000000
1654.060000 1654.863000 1677.819000 1668.119000 1681.374000 1753.646000 1779.507000 1863.270000 1641.879000 1651.359000 31.269000 30.721000 30.682000 31.003000 30.756000 30.408000 30.019000 28.700000 29.611000 29.208000 
Errorsimple=0.000000
3479.315000 3542.432000 3713.666000 3733.684000 3706.965000 3686.718000 3478.790000 3479.411000 3640.745000 3401.396000 53.786000 53.609000 49.920000 50.168000 50.063000 47.271000 46.737000 47.073000 46.766000 46.937000 
Errorsimple=0.000000
7245.006000 7266.615000 7252.462000 7301.664000 7295.420000 7375.747000 7337.883000 7206.249000 7247.125000 7298.970000 105.664000 97.097000 94.618000 87.865000 88.112000 88.043000 88.094000 87.912000 87.735000 87.706000 
Errorsimple=0.000000
14546.293000 14518.522000 14391.122000 14319.988000 14264.877000 14429.814000 14295.023000 14325.934000 14331.991000 14536.928000 218.849000 195.147000 189.244000 188.844000 187.413000 188.679000 188.714000 188.885000 188.925000 189.207000 
Errorsimple=0.000000
