21.140000 21.540000 21.433000 20.838000 19.740000 20.800000 20.245000 20.337000 20.411000 20.326000 2.733000 2.667000 2.660000 2.663000 2.682000 2.666000 2.665000 2.671000 2.664000 2.665000 
Errorsimple=0.000000
29.846000 30.917000 29.892000 29.864000 31.857000 29.766000 29.850000 29.829000 29.826000 30.554000 5.387000 5.376000 5.296000 5.318000 5.381000 5.381000 5.419000 5.477000 5.397000 5.383000 
Errorsimple=0.000000
59.431000 60.745000 60.642000 54.237000 60.448000 59.089000 60.761000 49.630000 49.772000 54.586000 11.112000 11.046000 7.950000 4.086000 2.290000 2.276000 2.052000 2.282000 2.038000 2.287000 
Errorsimple=0.000000
105.792000 107.585000 103.499000 106.151000 107.573000 107.495000 107.589000 106.619000 106.665000 105.859000 21.802000 21.810000 21.777000 21.858000 21.837000 21.780000 21.818000 21.783000 21.917000 21.849000 
Errorsimple=0.000000
209.207000 211.287000 213.524000 213.396000 212.418000 212.870000 213.269000 213.524000 213.550000 214.155000 3.484000 3.455000 3.454000 3.448000 3.434000 3.442000 3.440000 3.430000 3.440000 3.445000 
Errorsimple=0.000000
423.594000 421.916000 417.362000 415.954000 412.481000 425.292000 436.256000 426.805000 417.349000 445.323000 6.461000 6.443000 6.430000 6.484000 6.454000 6.454000 6.436000 6.449000 6.473000 6.454000 
Errorsimple=0.000000
879.098000 883.341000 803.106000 827.520000 899.086000 897.645000 829.277000 896.244000 886.310000 860.350000 13.307000 13.270000 13.245000 13.311000 13.311000 13.345000 13.345000 13.262000 13.318000 13.322000 
Errorsimple=0.000000
1699.579000 1769.608000 1795.493000 1783.855000 1768.432000 1801.917000 1724.462000 1774.730000 1812.204000 1738.517000 26.973000 28.422000 28.518000 28.602000 26.545000 26.003000 25.984000 25.950000 25.841000 23.659000 
Errorsimple=0.000000
3465.921000 3542.698000 3482.987000 3278.991000 3324.867000 3286.486000 3412.588000 3464.344000 3282.212000 3185.566000 66.076000 53.512000 51.219000 50.928000 50.402000 49.656000 49.819000 49.561000 49.567000 49.599000 
Errorsimple=0.000000
6753.801000 6695.680000 7058.844000 6607.550000 6389.660000 6445.783000 6247.460000 6820.506000 6651.867000 6258.954000 128.733000 111.868000 106.434000 101.265000 101.010000 101.487000 101.387000 101.122000 101.391000 101.816000 
Errorsimple=0.000000
12891.032000 12892.387000 12850.019000 12911.220000 12476.842000 12501.887000 12676.665000 12528.241000 12910.910000 12835.600000 244.540000 211.060000 206.705000 206.568000 206.047000 206.436000 206.550000 206.980000 206.665000 206.936000 
Errorsimple=0.000000
