1	33	0.5
1	284	-17.311
1	451	89.867
1	472	0.5
2	259	0.5
2	261	0.38535
2	274	-0.5
2	464	0.91518
3	264	-0.5
3	270	0.083985
3	272	6.9638
3	438	0.46996
3	456	3.7016
4	26	0.10199
4	239	-0.5
4	253	0.5
4	266	0.5
4	281	0.5
5	40	0.5
5	237	0.41572
5	247	0.5
5	252	-0.5
5	285	0.5
6	248	-0.5
6	259	0.083931
6	269	0.5
6	274	-0.5
7	240	0.38468
7	257	6.3581
7	259	6.823
7	264	0.39345
7	270	-0.39347
7	428	0.5
7	440	-0.5
7	449	0.5
8	42	-0.5
8	250	0.5
8	426	0.5
9	21	-0.5
9	251	0.5
9	255	2.1645
9	272	0.5
9	276	-2.2646
10	36	85.82
10	434	-0.5
10	464	0.5
11	42	0.003448
11	241	-0.5
11	425	0.0017175
11	429	0.47677
11	452	0.021508
11	456	0.5
11	461	0.5
11	465	0.5
11	475	0.5
12	43	0.47743
12	443	11.335
12	452	-0.5
12	456	-0.5
12	461	-0.5
12	475	-0.5
13	33	-0.5
13	44	0.5
13	284	-0.68222
13	445	0.5
14	52	0.5
14	55	1.0005
14	282	0.5
14	284	-0.0007655
15	62	0.5
15	63	1.0532
15	267	0.5
15	284	-0.001158
16	48	0.82945
16	50	0.5
16	278	0.5
16	284	-0.001432
17	32	0.40653
17	38	-0.045953
17	230	-0.98394
17	250	-1.2673
17	257	0.5
17	268	6.1222
17	272	3.8562
17	279	-1.4762
17	428	-0.038213
17	437	2.9636
17	458	-0.063199
17	459	-0.024433
18	38	0.45534
18	61	0.5
18	274	-0.5
18	421	2.7097
19	34	0.5
19	46	0.5
19	464	-0.000507
20	41	1.25
20	62	0.5
20	234	-0.5
20	265	0.5
21	9	-0.5
21	41	361.03
21	265	-0.20373
21	430	-0.15001
21	464	0.5
22	45	0.39844
22	54	174.5
22	248	-1.0833
22	253	-0.099848
22	254	0.000325
22	281	-0.39298
22	285	0.10124
22	440	0.20345
22	441	-0.0003205
22	464	0.5
23	33	-0.5
23	39	-0.5
23	434	0.5
23	450	0.5
24	43	-0.51033
24	53	1124.4
24	429	-0.5
24	456	-0.5
24	461	-0.5
24	475	-0.5
25	50	-0.057419
25	59	-0.005823
25	246	-0.5
25	249	0.50385
25	426	0.5
26	4	0.10199
26	35	0.0017155
26	49	-0.5
26	424	0.5
27	43	0.5
27	53	0.5
27	61	0.5
27	237	-0.5
27	244	0.5
27	250	0.47291
27	271	-0.50003
27	272	-0.8988
27	443	0.5
28	45	0.30738
28	51	-0.08026
28	55	0.5
28	248	0.29959
28	254	0.080298
28	255	-0.5
28	271	-0.30723
28	283	-0.005975
28	285	0.0059775
28	464	-0.0009455
29	41	4.25e-05
29	49	0.5
29	63	0.50069
29	234	-4.25e-05
29	247	-0.5
29	254	0.5
29	265	2.0434
29	430	3.013
29	441	-0.49315
30	36	-0.5
30	50	0.5
30	54	1.25
30	248	-1.0833
30	430	0.5
30	440	0.20345
31	42	0.0038525
31	54	0.0038525
31	60	-73.068
31	452	-0.5
31	468	0.5
32	17	0.40653
32	47	-0.0010855
32	231	-0.23845
32	238	-0.000937
32	257	-0.0009265
32	262	-5.25e-05
32	263	-0.5
32	269	-0.0022695
32	284	-0.0084485
32	460	-0.0009125
32	475	-0.004061
32	476	-0.092914
33	1	0.5
33	13	-0.5
33	23	-0.5
33	232	-0.5
33	425	0.0017175
33	429	0.47677
33	452	0.021508
33	456	0.5
33	461	0.5
33	475	0.5
34	19	0.5
34	42	-0.5
34	61	0.5
34	250	0.62762
34	259	-0.5
34	264	0.5
34	272	1.4627
34	283	-0.50003
35	26	0.0017155
35	40	6.8134
35	47	0.085001
35	233	0.39345
35	240	1.1198
35	257	10.097
35	266	-0.5
35	273	-0.39347
35	428	0.5
36	10	85.82
36	30	-0.5
36	58	-2.05e-05
36	260	8.3551
37	48	-0.24915
37	52	-0.097823
37	56	0.5
37	63	-0.15303
37	243	0.5
37	261	-4.2e-05
37	437	-1.65e-05
37	470	-2.05e-05
38	17	-0.045953
38	18	0.45534
38	47	-0.090939
38	231	-0.11461
38	238	-0.078173
38	257	-0.077285
38	262	-0.0039355
38	263	-0.5
38	269	-0.20211
38	284	-0.5
38	460	-0.076089
38	475	-0.5
39	23	-0.5
39	50	-0.24322
39	52	-0.05028
39	59	-0.04933
39	245	0.5
39	251	0.5
40	5	0.5
40	35	6.8134
40	53	0.51028
40	58	-0.5
40	238	6.3412
40	264	-0.39347
40	283	0.39349
40	440	0.39844
40	478	0.38471
41	20	1.25
41	21	361.03
41	29	4.25e-05
41	57	-0.49615
41	235	0.47743
41	246	0.48114
42	8	-0.5
42	11	0.003448
42	31	0.0038525
42	34	-0.5
42	56	-0.5
42	242	0.5
43	12	0.47743
43	24	-0.51033
43	27	0.5
43	47	9.6261
43	51	-0.39347
43	57	0.445
43	243	1.1185
43	247	0.0015935
43	254	0.39365
44	13	0.5
44	48	-0.32945
44	55	-0.50045
44	63	-0.55325
44	258	0.5
44	429	-0.5
45	22	0.39844
45	28	0.30738
45	51	-0.00035
45	53	0.39365
45	58	0.5
45	60	-0.41485
45	233	0.00035
45	244	0.41572
45	253	-0.50024
45	255	2.1645
45	264	0.083931
45	271	-0.41574
45	276	-2.2646
45	280	-0.39342
45	283	-0.083935
45	473	-0.29097
46	19	0.5
46	52	-0.20134
46	59	-0.19754
46	62	-0.24206
46	275	0.48891
46	472	-0.5
47	32	-0.0010855
47	35	0.085001
47	38	-0.090939
47	43	9.6261
47	53	-1.9922
47	59	0.5
47	230	-1.5948
47	251	-0.046676
47	256	-0.5
47	279	-2.0506
47	443	6.0601
47	458	-0.087014
47	459	-0.039253
48	16	0.82945
48	37	-0.24915
48	44	-0.32945
48	52	-2638.4
48	56	1648.8
48	57	-10.949
48	58	0.50144
48	63	-2120.8
48	235	17.521
48	245	17.521
48	249	42.923
48	423	-0.5
49	26	-0.5
49	29	0.5
49	51	-0.50003
49	58	0.5
49	61	0.5
49	233	0.5
49	250	2.0699
49	272	2.5166
49	444	0.5
50	16	0.5
50	25	-0.057419
50	30	0.5
50	39	-0.24322
50	55	-0.19936
50	59	-0.085031
50	62	-0.20839
50	261	-0.79469
50	437	-0.29349
50	470	-0.40008
51	28	-0.08026
51	43	-0.39347
51	45	-0.00035
51	49	-0.50003
51	60	0.0003485
51	236	0.5
51	281	0.5
51	285	0.39349
52	14	0.5
52	37	-0.097823
52	39	-0.05028
52	46	-0.20134
52	48	-2638.4
52	62	-0.24838
52	261	-0.81156
52	437	-0.257
52	444	0.50251
52	470	-0.40405
53	24	1124.4
53	27	0.5
53	40	0.51028
53	45	0.39365
53	47	-1.9922
53	56	-1.5811e+05
53	243	0.34067
53	271	-0.39347
53	421	-8.3362
53	464	8.3362
54	22	174.5
54	30	1.25
54	31	0.0038525
54	56	-0.5
54	58	2.05e-05
54	246	0.0034215
55	14	1.0005
55	28	0.5
55	44	-0.50045
55	50	-0.19936
55	56	1648.8
55	57	-10.949
55	59	-0.040435
55	62	-0.049549
55	63	-1029.1
55	235	6.8343
55	249	65.203
55	277	6.8343
55	423	-0.5
56	37	0.5
56	42	-0.5
56	48	1648.8
56	53	-1.5811e+05
56	54	-0.5
56	55	1648.8
56	63	1648.8
56	258	-9483.3
56	425	-0.5
56	456	-0.5
56	461	-0.5
56	475	-0.5
57	41	-0.49615
57	43	0.445
57	48	-10.949
57	55	-10.949
57	60	0.5196
57	63	-10.949
57	241	0.5
57	425	-0.5
58	36	-2.05e-05
58	40	-0.5
58	45	0.5
58	48	0.50144
58	49	0.5
58	54	2.05e-05
58	265	0.46801
58	281	-0.49315
58	430	-1.0748
59	25	-0.005823
59	39	-0.04933
59	46	-0.19754
59	47	0.5
59	50	-0.085031
59	55	-0.040435
59	62	-0.12184
59	248	-0.29959
59	255	0.5
59	261	-1.6028
59	423	0.5
59	437	-0.51834
59	470	-0.81885
60	31	-73.068
60	45	-0.41485
60	51	0.0003485
60	57	0.5196
60	248	1.2837
60	254	-0.0003485
60	255	-2.1424
60	271	0.41465
60	283	0.085001
60	285	-0.085041
60	421	-0.5
60	464	0.5
61	18	0.5
61	27	0.5
61	34	0.5
61	49	0.5
62	15	0.5
62	20	0.5
62	46	-0.24206
62	50	-0.20839
62	52	-0.24838
62	55	-0.049549
62	59	-0.12184
62	261	-0.79091
62	437	-0.25326
62	470	-0.4182
63	15	1.0532
63	29	0.50069
63	37	-0.15303
63	44	-0.55325
63	48	-2120.8
63	55	-1029.1
63	56	1648.8
63	57	-10.949
63	235	14.084
63	249	72.081
63	275	14.084
63	423	-0.5
64	124	-0.067669
64	218	0.18155
64	239	0.009735
64	475	0.5
65	121	-0.009745
65	210	0.060736
65	252	0.5
65	456	0.5
66	119	-0.56918
66	268	0.26557
66	274	1.3067
66	436	0.5
67	131	118.67
67	206	-2.0064
67	226	-5e-05
67	284	0.5
67	462	0.5
68	206	0.46541
68	211	-0.56918
68	219	0.46541
68	221	0.46541
68	226	0.047671
68	421	0.5
69	101	0.5
69	204	0.5
69	223	1.0981
69	418	0.5
69	460	0.5
70	207	0.06099
70	219	4.1432
70	263	0.35987
70	428	-0.5
70	433	-0.5
70	447	-0.50569
71	112	0.75968
71	233	0.5
71	244	0.5
71	264	0.5
71	279	0.26148
72	126	0.79673
72	230	0.22236
72	250	0.5
72	268	0.5
72	272	0.5
73	103	0.18151
73	216	-0.31849
73	227	-0.5
73	461	0.49162
73	476	1.0508
73	478	-0.5
74	123	-3.0887
74	214	0.5
74	259	-0.5
74	262	0.5
74	474	0.5
75	110	0.5
75	259	-0.5
75	283	0.5
76	113	-0.5
76	208	0.10229
76	248	0.5
76	283	-0.5
77	102	0.5
77	233	-0.080257
77	244	-0.3083
77	255	0.4779
77	264	-0.004909
77	271	0.30832
77	276	-0.5
77	283	0.004909
77	426	-0.5
78	212	0.27542
78	214	0.5
78	220	4.8869
78	248	1.2837
78	255	-2.1424
78	467	-0.5
79	94	-0.5
79	212	-0.5
79	260	131.65
79	476	-27.594
80	85	-0.5
80	227	0.51332
80	261	0.5
80	437	0.5
80	470	0.5
81	81	-1
81	106	0.5
81	222	-0.5
82	82	-1
82	107	0.5
82	212	-0.5
83	83	-1
83	108	0.5
83	227	-0.5
84	109	0.5
84	205	-0.5
84	277	9.3686
84	452	0.47244
85	80	-0.5
85	217	-893.91
85	249	0.50104
85	262	0.48702
85	275	-0.0001215
86	107	0.097823
86	209	80.792
86	427	-61.945
86	434	0.5
86	447	-0.5
87	89	0.48556
87	253	0.27542
87	279	-0.5
87	281	0.22446
87	440	0.20264
87	441	0.0001215
87	458	-0.014439
88	89	1.307
88	125	-0.47677
88	203	0.26566
88	461	0.5
89	87	0.48556
89	88	1.307
89	276	-0.5
89	436	5.1082
90	116	240.09
90	134	0.44891
90	206	-0.5
90	219	-0.5
90	221	-0.5
90	226	-0.051214
90	284	0.5
91	134	-0.36707
91	135	116.13
91	215	0.49593
91	284	0.5
92	117	57.531
92	125	0.5
92	219	-0.89474
92	226	-0.041141
92	284	0.5
93	94	33.112
93	124	0.5
93	221	-0.7941
93	226	-0.044804
93	284	0.5
94	79	-0.5
94	93	33.112
94	209	6.0469
94	246	-1.65e-05
94	260	-0.5
95	120	0.5
95	133	-0.5
95	236	-0.5
95	463	0.5
96	127	49.414
96	135	0.50407
96	217	65.422
96	223	73.778
96	274	0.5
96	421	-0.5
97	127	9.941
97	132	0.47244
97	217	3.8847
97	218	-0.5
97	223	7.9993
97	225	0.5
98	115	72.657
98	117	2.87
98	204	0.32418
98	208	0.5
98	210	0.0059355
98	229	-0.089642
98	261	-0.43578
98	268	-0.38841
98	454	-0.13337
98	469	0.21708
99	114	126.16
99	117	-0.5
99	222	-0.5
99	476	-47.838
100	127	-0.5
100	134	0.01024
100	213	-0.5
100	217	-0.5
100	220	-0.5
100	223	-0.5
100	245	0.5
100	277	-0.5
100	280	-0.5
100	432	-0.5
100	448	0.030722
101	69	0.5
101	116	-0.23669
101	224	-0.28672
101	245	-0.10584
101	260	0.5
101	278	-0.21299
101	282	-0.000293
101	466	-0.63868
101	467	-0.38667
101	471	-1.2081
102	77	0.5
102	113	0.48258
102	211	0.5
102	230	-0.5
102	277	-0.5
102	425	-5.7939
102	429	-0.5
102	459	-0.017424
102	476	0.017424
103	73	0.18151
103	113	0.009749
103	128	0.5
103	462	-2.8559
103	476	-2.188
104	128	0.59344
104	132	66.622
104	134	-0.43567
104	284	0.5
105	121	-0.30157
105	124	-0.59571
105	125	-0.10451
105	462	-0.11618
105	466	0.5
105	467	0.5
105	471	0.5
106	81	0.5
106	115	0.24915
106	133	0.5
106	470	-0.5
106	475	5.7919
107	82	0.5
107	86	0.097823
107	118	0.5
107	437	-0.5
107	456	28.477
108	83	0.5
108	122	0.5
108	129	0.035745
108	203	-0.5
109	84	0.5
109	122	-0.5
109	129	0.14415
109	216	-0.35585
109	225	-0.5
109	227	-0.5
110	75	0.5
110	116	0.5
110	127	0.9006
110	421	-0.5
111	127	2062
111	130	-0.5
111	131	-0.5
111	213	-0.5
111	215	111.06
111	217	2062
111	220	-0.5
111	223	2062
111	241	-10017
111	275	0.5
111	280	-0.5
111	425	-1.5811e+05
111	448	-1312.8
111	468	-0.5
112	71	0.75968
112	119	0.060748
112	124	0.1679
112	215	-0.026087
112	228	0.5
112	442	-0.5
113	76	-0.5
113	102	0.48258
113	103	0.009749
113	420	0.77228
114	99	126.16
114	117	-0.5
114	135	1.25
114	224	0.5
114	234	7.5457
115	98	72.657
115	106	0.24915
115	216	-0.5
115	232	0.5
115	427	-232.18
116	90	240.09
116	101	-0.23669
116	110	0.5
116	249	4.25e-05
116	267	-0.0002825
116	278	-0.26303
116	453	1.25
116	466	-0.58591
116	467	-0.42969
116	471	-1.164
117	92	57.531
117	98	2.87
117	99	-0.5
117	114	-0.5
117	235	-2.05e-05
118	107	0.5
118	127	-0.54566
118	130	0.10202
118	134	-0.013949
118	205	0.028179
118	213	0.5
118	217	-0.72243
118	220	0.5
118	223	-0.8147
118	241	0.5
118	280	0.5
118	431	-0.5
118	432	0.3698
118	448	0.023682
119	66	-0.56918
119	112	0.060748
119	126	0.060748
119	129	0.010615
119	228	-0.0010095
119	437	0.060748
119	471	0.5
120	95	0.5
120	127	-8.9612
120	130	-0.5
120	132	-0.49593
120	217	-8.9612
120	223	-8.9612
120	429	0.52486
120	448	-0.36707
120	452	0.43141
121	65	-0.009745
121	105	-0.30157
121	126	0.30278
121	129	0.0001815
121	284	0.30157
122	108	0.5
122	109	-0.5
122	128	-111.06
122	130	0.10202
122	131	0.00407
122	205	0.028179
122	213	0.5
122	215	-0.90405
122	220	0.5
122	280	0.5
122	429	-111.06
122	432	0.3698
122	468	0.00407
123	74	-3.0887
123	126	1.3047
123	131	0.002251
123	132	0.47632
123	135	-0.5
123	210	-1.284
123	229	-0.5
123	252	-1.284
123	257	0.5
123	454	-1.3047
123	469	3.0887
124	64	-0.067669
124	93	0.5
124	105	-0.59571
124	112	0.1679
124	129	0.001262
124	284	-0.29982
125	88	-0.47677
125	92	0.5
125	105	-0.10451
125	129	0.008892
125	284	-0.7017
125	437	0.053366
126	72	0.79673
126	119	0.060748
126	121	0.30278
126	123	1.3047
126	128	-0.021621
126	442	-0.5
126	455	0.5
126	474	-0.2112
127	96	49.414
127	97	9.941
127	100	-0.5
127	110	0.9006
127	111	2062
127	118	-0.54566
127	120	-8.9612
127	223	-2287.5
127	224	-0.0003045
127	262	9.941
127	453	0.5
128	103	0.5
128	104	0.59344
128	122	-111.06
128	126	-0.021621
128	129	-1.3e-05
128	284	0.5
129	108	0.035745
129	109	0.14415
129	119	0.010615
129	121	0.0001815
129	124	0.001262
129	125	0.008892
129	128	-1.3e-05
129	134	-0.0098
129	215	-0.000196
129	420	0.5
129	442	-0.087371
129	456	0.041236
129	461	0.41988
129	475	0.034762
130	111	-0.5
130	118	0.10202
130	120	-0.5
130	122	0.10202
130	133	0.10202
130	225	-0.5
130	433	-0.5
130	447	-0.56272
130	463	0.067868
131	67	118.67
131	111	-0.5
131	122	0.00407
131	123	0.002251
131	249	-4.25e-05
131	453	-0.5
132	97	0.47244
132	104	66.622
132	120	-0.49593
132	123	0.47632
132	246	1.65e-05
132	260	1.25
133	95	-0.5
133	106	0.5
133	130	0.10202
133	134	1.2632
133	205	0.028179
133	213	0.5
133	220	0.5
133	280	0.5
133	432	0.3698
133	448	3.7896
133	468	0.0022695
134	90	0.44891
134	91	-0.36707
134	100	0.01024
134	104	-0.43567
134	118	-0.013949
134	129	-0.0098
134	133	1.2632
134	207	0.5
134	437	-0.058815
135	91	116.13
135	96	0.50407
135	114	1.25
135	123	-0.5
135	235	2.05e-05
136	150	-0.27542
136	221	0.40885
136	226	0.023068
136	436	0.5
137	200	0.55042
137	206	17.546
137	216	-0.31978
137	227	-0.5
137	428	-0.5
137	457	0.18022
138	180	0.0004225
138	208	-0.4781
138	210	-0.0056755
138	229	0.085716
138	233	0.5
138	238	-0.080463
138	256	-0.39329
138	268	0.37139
138	280	0.5785
138	473	121.98
139	165	0.63103
139	233	-0.5
139	268	0.0018305
139	273	0.1154
139	467	96.095
140	197	-0.12644
140	225	-0.5
140	236	-0.20631
140	281	-0.5
140	285	0.001708
140	430	0.10199
141	187	0.41578
141	233	-0.0003515
141	243	0.41465
141	244	-0.41577
141	247	0.52919
141	253	-0.5
141	264	-0.083862
141	270	0.083864
141	273	0.0003515
141	276	2.266
141	469	-2.2721
142	152	1.2951
142	240	0.5
142	441	-0.5
143	151	0.18304
143	216	-0.31696
143	227	-0.5
143	251	-0.5
143	257	0.5
143	276	-0.49865
143	469	0.5
144	229	0.5
144	251	-0.5
144	433	-0.5
144	447	-0.50123
144	449	0.060452
145	169	-0.5
145	247	0.10199
145	284	-0.5
145	427	0.5
146	198	0.5
146	222	0.3698
146	280	0.30349
146	466	-0.5
147	232	-0.5
147	234	177.82
147	464	0.5
148	176	0.26877
148	184	1.3169
148	215	0.5
148	462	-0.46784
148	476	-4.499
149	150	0.5
149	171	0.26535
149	211	-1.4
149	256	1.306
150	136	-0.27542
150	149	0.5
150	419	-0.84285
150	467	0.5
151	143	0.18304
151	169	0.0091615
151	211	135.23
151	476	-24.148
152	142	1.2951
152	172	0.26199
152	448	0.5
152	476	-4.7271
153	201	0.5
153	202	0.5
153	208	0.5
153	217	1.0304
153	224	0.5
154	189	0.051233
154	193	0.18238
154	203	0.33481
154	204	0.008864
154	208	-0.5
155	177	0.20966
155	201	-0.5
155	216	1.2248
155	236	0.4066
155	460	1.2599
156	178	0.20177
156	183	0.0040025
156	273	-0.5
156	457	0.01027
157	179	0.30349
157	187	-0.5
157	207	0.5
157	231	0.056878
158	180	-2.2385
158	198	0.5
158	210	1.971
158	213	0.45126
158	229	0.76749
158	237	-2.2385
158	238	-0.5
158	252	1.971
158	257	-0.76749
158	427	347.21
159	180	0.41559
159	201	-0.4781
159	210	-0.38879
159	220	0.46636
159	229	0.2812
159	238	-0.308
159	244	0.5
159	250	0.37139
159	422	-0.39329
159	471	201.32
160	170	0.44385
160	187	0.41559
160	244	-0.5
160	250	0.5489
160	477	138.38
161	181	0.5
161	188	0.5
161	256	0.5
161	422	0.5
162	172	0.5
162	201	0.41578
162	254	-0.5
162	446	-0.5
163	173	7.4588
163	193	-0.5
163	439	1.0578
163	445	0.47677
164	173	86.287
164	183	-0.5
164	222	420.68
164	266	0.10202
164	427	-31.34
165	139	0.63103
165	191	-0.13103
165	221	-0.5
165	248	0.5
165	269	0.5
165	440	-0.093907
166	185	0.57885
166	197	0.087463
166	202	-0.5
166	418	11.442
166	447	2.0211
167	184	1.1399
167	194	-0.5
167	198	-0.55925
167	205	-0.55412
167	212	-0.5
167	228	-0.17559
167	236	-0.56126
167	250	-0.56113
167	263	-0.5
167	265	-0.53117
167	424	-0.56164
168	186	0.5
168	190	0.41865
168	194	-0.08135
168	219	-0.5
169	145	-0.5
169	151	0.0091615
169	187	-0.39347
169	237	0.53045
169	240	0.3405
169	244	0.39345
169	257	-2.0898
169	428	0.5
170	160	0.44385
170	192	0.5
170	206	-0.056147
170	212	0.5
170	222	0.5
170	227	0.5
170	435	-0.5
171	149	0.26535
171	189	-0.76535
171	192	-0.5
171	193	-0.5
171	204	0.5
172	152	0.26199
172	162	0.5
172	189	-0.76199
172	193	-0.5
172	210	-0.5
172	218	-0.5
172	240	-0.17434
172	251	-0.5
172	257	-0.049265
172	268	-0.5
173	163	7.4588
173	164	86.287
173	202	0.5
173	210	0.087463
173	229	-0.004684
173	272	-0.38841
173	418	0.32418
173	437	-0.43578
173	454	-0.085257
173	469	0.002478
174	191	-0.1274
174	194	-0.0042135
174	201	-0.99296
174	202	1.5747
174	206	-0.024043
174	208	2.6968
174	217	3.8847
174	218	-0.15566
174	219	-0.036228
174	221	-0.68007
174	252	0.5
174	267	0.41386
174	435	-0.29951
175	187	0.5
175	192	0.5
175	197	-0.89824
175	201	-0.5
175	236	0.47293
175	244	-0.49998
175	258	-0.5
175	418	0.5
176	148	0.26877
176	189	-0.76877
176	193	-0.5
176	195	0.3747
176	221	5.4777
176	428	-0.5
177	155	0.20966
177	198	-0.00077
177	199	-0.46277
177	200	-0.27725
177	205	-0.014819
177	228	-0.24917
177	236	-0.000778
177	250	-0.0007745
177	265	-0.000707
177	424	-0.00094
177	433	-0.5
177	447	-0.70966
177	476	-0.5
178	156	0.20177
178	191	-0.5
178	195	-0.5
178	198	-0.14557
178	205	-0.15135
178	216	-0.29823
178	227	-0.5
178	228	-0.08754
178	236	-0.14374
178	250	-0.14385
178	265	-0.17136
178	424	-0.14412
178	427	-0.5
179	157	0.30349
179	198	-0.001301
179	199	-0.5
179	200	-0.5
179	205	-0.022397
179	222	-0.5
179	228	-0.29862
179	236	-0.001314
179	250	-0.001308
179	265	-0.0012
179	424	-0.001581
180	138	0.0004225
180	158	-2.2385
180	159	0.41559
180	187	-0.41492
180	190	0.083985
180	243	-0.5
180	270	-0.083848
180	273	-0.000422
180	419	0.5
180	469	2.266
181	161	0.5
181	190	-0.39329
181	192	-0.5
181	202	6.8267
181	204	0.38431
181	270	0.39265
181	419	0.060719
181	433	-0.5
181	447	-0.50345
181	460	6.268
182	191	0.29086
182	195	-0.37463
182	196	-0.31902
182	199	-0.0073595
182	200	-0.0050815
182	231	-0.097246
182	240	0.5
182	250	0.3266
182	263	-0.28616
182	268	1.0757
182	272	0.36877
182	428	-0.16815
182	459	4.3007
183	156	0.0040025
183	164	-0.5
183	191	-1.0091
183	195	-0.60458
183	198	-0.1879
183	205	-0.21836
183	228	-0.15928
183	236	-0.18562
183	250	-0.18573
183	265	-0.22022
183	424	-0.18686
184	148	1.3169
184	167	1.1399
184	196	0.21695
184	270	-0.5
185	166	0.57885
185	189	-1.0789
185	193	-0.5
185	194	-1.2813
185	198	-0.91662
185	205	-1.0151
185	228	-0.40569
185	236	-0.92027
185	250	-0.91996
185	263	-0.76767
185	265	-0.86676
185	424	-0.92464
185	476	-0.5
186	168	0.5
186	195	-0.37086
186	196	-0.29452
186	199	-0.034852
186	200	-0.022443
186	213	1.1013
186	220	0.39021
186	231	-0.081254
186	238	0.5
186	255	-0.4779
186	263	-0.25638
186	276	0.5
186	280	0.34247
186	427	-0.16209
187	141	0.41578
187	157	-0.5
187	160	0.41559
187	169	-0.39347
187	175	0.5
187	180	-0.41492
187	238	0.3075
187	244	-0.49919
187	265	-0.30837
187	422	0.39265
188	161	0.5
188	195	-0.098599
188	196	-0.093431
188	199	-0.00288
188	200	-0.002213
188	204	0.65274
188	223	7.9993
188	225	-0.1141
188	231	-0.19385
188	263	-0.51262
188	278	0.46567
188	418	0.21088
188	460	0.18995
189	154	0.051233
189	171	-0.76535
189	172	-0.76199
189	176	-0.76877
189	185	-1.0789
189	196	-0.71695
189	203	-0.76566
189	216	-0.44877
189	227	-0.5
189	268	-0.76557
189	432	-0.85546
189	476	-0.5
190	168	0.41865
190	180	0.083985
190	181	-0.39329
190	202	-0.4781
190	210	-0.083632
190	229	0.004479
190	238	-0.0048315
190	264	0.5
190	272	0.37139
190	466	232.65
191	165	-0.13103
191	174	-0.1274
191	178	-0.5
191	182	0.29086
191	183	-1.0091
191	197	-0.10726
191	214	-0.10809
191	272	-0.1073
191	280	-0.078503
191	430	-0.12248
191	455	-0.084454
191	479	-0.10776
192	170	0.5
192	171	-0.5
192	175	0.5
192	181	-0.5
192	238	-0.049109
192	422	-0.5
192	426	-0.5
192	478	-0.17428
193	154	0.18238
193	163	-0.5
193	171	-0.5
193	172	-0.5
193	176	-0.5
193	185	-0.5
193	196	-0.5
193	203	-0.5
193	268	-0.5
193	432	-0.5
194	167	-0.5
194	168	-0.08135
194	174	-0.0042135
194	185	-1.2813
194	197	-0.0002055
194	213	-0.048738
194	214	-0.0002055
194	272	-0.0002045
194	430	-0.0002265
194	455	-0.11752
194	479	0.26586
195	176	0.3747
195	178	-0.5
195	182	-0.37463
195	183	-0.60458
195	186	-0.37086
195	188	-0.098599
195	204	-0.40275
195	240	-0.40341
195	243	-0.40117
195	261	-0.5
195	279	-0.5
195	284	-0.1253
195	478	-0.40329
196	182	-0.31902
196	184	0.21695
196	186	-0.29452
196	188	-0.093431
196	189	-0.71695
196	193	-0.5
196	204	-0.34158
196	240	-0.3421
196	243	-0.33861
196	261	-0.2872
196	279	-0.59752
196	427	-0.5
196	478	-0.3419
197	140	-0.12644
197	166	0.087463
197	175	-0.89824
197	191	-0.10726
197	194	-0.0002055
197	206	-0.018979
197	219	-0.001974
197	221	-0.63969
197	242	2.515
197	255	1.4618
197	271	0.5
197	431	-0.5
197	435	-0.26416
198	146	0.5
198	158	0.5
198	167	-0.55925
198	177	-0.00077
198	178	-0.14557
198	179	-0.001301
198	183	-0.1879
198	185	-0.91662
198	253	0.47261
198	258	-0.20612
198	266	0.62721
198	281	2.0682
198	460	0.5
198	469	-0.50614
199	177	-0.46277
199	179	-0.5
199	182	-0.0073595
199	186	-0.034852
199	188	-0.00288
199	204	-0.0077915
199	230	-0.5
199	240	-0.007809
199	243	-0.0096215
199	424	0.58417
199	470	-0.5
199	478	-0.007919
200	137	0.55042
200	177	-0.27725
200	179	-0.5
200	182	-0.0050815
200	186	-0.022443
200	188	-0.002213
200	204	-0.0053585
200	230	-0.4845
200	240	-0.0053695
200	243	-0.006585
200	284	0.050424
200	470	-0.23288
200	478	-0.0054435
201	153	0.5
201	155	-0.5
201	159	-0.4781
201	162	0.41578
201	174	-0.99296
201	175	-0.5
201	205	0.45353
201	209	0.5
201	422	0.53093
202	153	0.5
202	166	-0.5
202	173	0.5
202	174	1.5747
202	181	6.8267
202	190	-0.4781
202	205	0.6065
202	255	-0.5
202	276	0.083864
203	88	0.26566
203	108	-0.5
203	154	0.33481
203	189	-0.76566
203	193	-0.5
203	478	-0.5
204	69	0.5
204	98	0.32418
204	154	0.008864
204	171	0.5
204	181	0.38431
204	188	0.65274
204	195	-0.40275
204	196	-0.34158
204	199	-0.0077915
204	200	-0.0053585
204	231	-0.089235
204	256	1.1187
204	262	0.82303
204	263	-0.26365
204	422	0.34017
204	451	-0.37196
204	478	-0.17419
205	84	-0.5
205	118	0.028179
205	122	0.028179
205	133	0.028179
205	167	-0.55412
205	177	-0.014819
205	178	-0.15135
205	179	-0.022397
205	183	-0.21836
205	185	-1.0151
205	201	0.45353
205	202	0.6065
205	208	2.1137
205	218	-0.22786
205	239	0.5
205	282	-0.5
206	67	-2.0064
206	68	0.46541
206	90	-0.5
206	137	17.546
206	170	-0.056147
206	174	-0.024043
206	197	-0.018979
206	214	-0.019439
206	220	-0.033639
206	228	3.4034
206	272	-0.019005
206	430	-0.0273
206	455	-0.02909
206	479	-0.019104
207	70	0.06099
207	134	0.5
207	157	0.5
207	462	-0.51733
207	476	-4.441
208	76	0.10229
208	98	0.5
208	138	-0.4781
208	153	0.5
208	154	-0.5
208	174	2.6968
208	205	2.1137
208	242	-0.5
208	256	0.0017185
209	86	80.792
209	94	6.0469
209	201	0.5
209	210	0.4066
209	229	-0.29408
209	250	-0.38841
209	454	-0.21715
209	460	0.32418
209	469	0.10463
209	470	-0.43578
210	65	0.060736
210	98	0.0059355
210	123	-1.284
210	138	-0.0056755
210	158	1.971
210	159	-0.38879
210	172	-0.5
210	173	0.087463
210	190	-0.083632
210	209	0.4066
210	433	-0.5
210	447	-0.50359
211	68	-0.56918
211	102	0.5
211	149	-1.4
211	151	135.23
212	78	0.27542
212	79	-0.5
212	82	-0.5
212	167	-0.5
212	170	0.5
212	222	0.82375
212	227	0.5
212	434	0.53686
213	100	-0.5
213	111	-0.5
213	118	0.5
213	122	0.5
213	133	0.5
213	158	0.45126
213	186	1.1013
213	194	-0.048738
213	219	-0.5
213	254	-0.39342
213	266	0.0005945
213	269	5.7794
213	282	-0.5
213	284	-0.048738
213	433	0.5
213	441	0.38803
214	74	0.5
214	78	0.5
214	191	-0.10809
214	194	-0.0002055
214	206	-0.019439
214	219	-0.001977
214	221	-0.6449
214	253	-0.90798
214	258	-0.12773
214	266	1.4778
214	281	2.5425
214	435	-0.27066
215	91	0.49593
215	111	111.06
215	112	-0.026087
215	122	-0.90405
215	129	-0.000196
215	148	0.5
216	73	-0.31849
216	109	-0.35585
216	115	-0.5
216	137	-0.31978
216	143	-0.31696
216	155	1.2248
216	178	-0.29823
216	189	-0.44877
216	218	-0.31845
216	422	-0.31836
217	85	-893.91
217	96	65.422
217	97	3.8847
217	100	-0.5
217	111	2062
217	118	-0.72243
217	120	-8.9612
217	153	1.0304
217	174	3.8847
217	223	-1840.7
217	235	0.50216
217	275	-0.22446
218	64	0.18155
218	97	-0.5
218	172	-0.5
218	174	-0.15566
218	205	-0.22786
218	216	-0.31845
218	227	-0.5
219	68	0.46541
219	70	4.1432
219	90	-0.5
219	92	-0.89474
219	168	-0.5
219	174	-0.036228
219	197	-0.001974
219	213	-0.5
219	214	-0.001977
219	272	-0.001966
219	430	-0.0021855
219	455	-0.39233
219	479	-0.0023745
220	78	4.8869
220	100	-0.5
220	111	-0.5
220	118	0.5
220	122	0.5
220	133	0.5
220	159	0.46636
220	186	0.39021
220	206	-0.033639
220	253	0.38803
220	269	3.6264
220	282	-0.5
220	284	-0.033639
220	285	-0.39342
220	433	0.5
220	435	-0.5
221	68	0.46541
221	90	-0.5
221	93	-0.7941
221	136	0.40885
221	165	-0.5
221	174	-0.68007
221	176	5.4777
221	197	-0.63969
221	214	-0.6449
221	272	-0.64
221	280	-0.5
221	430	-0.73399
221	455	-0.35746
221	479	-0.64009
222	81	-0.5
222	99	-0.5
222	146	0.3698
222	164	420.68
222	170	0.5
222	179	-0.5
222	212	0.82375
222	232	0.60407
223	69	1.0981
223	96	73.778
223	97	7.9993
223	100	-0.5
223	111	2062
223	118	-0.8147
223	120	-8.9612
223	127	-2287.5
223	188	7.9993
223	217	-1840.7
223	246	0.50378
223	275	-0.27542
224	101	-0.28672
224	114	0.5
224	127	-0.0003045
224	153	0.5
224	245	-0.15834
224	267	-0.21901
224	282	-0.28069
224	466	-0.62525
224	467	-0.39759
224	471	-1.2561
225	97	0.5
225	109	-0.5
225	130	-0.5
225	140	-0.5
225	188	-0.1141
225	262	-0.02595
225	432	-0.5
225	478	0.5
226	67	-5e-05
226	68	0.047671
226	90	-0.051214
226	92	-0.041141
226	93	-0.044804
226	136	0.023068
226	228	8.45e-05
226	455	0.0188
226	457	2.657
226	463	-0.50109
226	466	0.32549
226	467	0.46218
226	471	1.6983
226	477	0.5
227	73	-0.5
227	80	0.51332
227	83	-0.5
227	109	-0.5
227	137	-0.5
227	143	-0.5
227	170	0.5
227	178	-0.5
227	189	-0.5
227	212	0.5
227	218	-0.5
227	422	-0.5
227	439	-0.5
228	112	0.5
228	119	-0.0010095
228	167	-0.17559
228	177	-0.24917
228	178	-0.08754
228	179	-0.29862
228	183	-0.15928
228	185	-0.40569
228	206	3.4034
228	226	8.45e-05
228	261	1.1238
228	437	0.27871
228	464	-0.061748
228	470	0.20377
229	98	-0.089642
229	123	-0.5
229	138	0.085716
229	144	0.5
229	158	0.76749
229	159	0.2812
229	173	-0.004684
229	190	0.004479
229	209	-0.29408
229	283	-0.5
230	17	-0.98394
230	47	-1.5948
230	72	0.22236
230	102	-0.5
230	199	-0.5
230	200	-0.4845
230	238	-1.6745
230	257	-1.6793
230	262	-0.056668
230	269	-0.90459
230	460	-1.6543
230	461	-0.5
230	476	-0.27764
231	32	-0.23845
231	38	-0.11461
231	157	0.056878
231	182	-0.097246
231	186	-0.081254
231	188	-0.19385
231	204	-0.089235
231	240	-0.089043
231	243	-0.088457
231	427	-0.5
231	433	-0.5
231	447	-0.4716
231	478	-0.089003
232	33	-0.5
232	115	0.5
232	147	-0.5
232	222	0.60407
232	267	-0.5
232	436	0.5
232	472	0.51134
233	35	0.39345
233	45	0.00035
233	49	0.5
233	71	0.5
233	77	-0.080257
233	138	0.5
233	139	-0.5
233	141	-0.0003515
233	242	-0.49998
233	265	0.080259
233	273	-0.49919
233	285	-0.39347
233	424	2.0733
233	479	2.5165
234	20	-0.5
234	29	-4.25e-05
234	114	7.5457
234	147	177.82
235	41	0.47743
235	48	17.521
235	55	6.8343
235	63	14.084
235	117	-2.05e-05
235	135	2.05e-05
235	217	0.50216
236	51	0.5
236	95	-0.5
236	140	-0.20631
236	155	0.4066
236	167	-0.56126
236	175	0.47293
236	177	-0.000778
236	178	-0.14374
236	179	-0.001314
236	183	-0.18562
236	185	-0.92027
236	242	2.0701
236	255	0.62765
237	5	0.41572
237	27	-0.5
237	158	-2.2385
237	169	0.53045
237	469	2.266
237	479	0.5
238	32	-0.000937
238	38	-0.078173
238	40	6.3412
238	138	-0.080463
238	158	-0.5
238	159	-0.308
238	186	0.5
238	187	0.3075
238	190	-0.0048315
238	192	-0.049109
238	230	-1.6745
238	247	-2.0842
238	270	0.0048235
238	273	0.080332
238	279	-2.1454
238	285	10.07
238	458	-0.091442
238	459	-0.041397
238	469	0.50614
239	4	-0.5
239	64	0.009735
239	205	0.5
240	7	0.38468
240	35	1.1198
240	142	0.5
240	169	0.3405
240	172	-0.17434
240	182	0.5
240	195	-0.40341
240	196	-0.3421
240	199	-0.007809
240	200	-0.0053695
240	231	-0.089043
240	263	-0.26311
241	11	-0.5
241	57	0.5
241	111	-10017
241	118	0.5
241	284	-0.55061
242	42	0.5
242	197	2.515
242	208	-0.5
242	233	-0.49998
242	236	2.0701
242	248	-0.5
242	273	0.5
242	418	0.5
243	37	0.5
243	43	1.1185
243	53	0.34067
243	141	0.41465
243	180	-0.5
243	195	-0.40117
243	196	-0.33861
243	199	-0.0096215
243	200	-0.006585
243	231	-0.088457
243	251	-0.17341
243	263	-0.26261
243	443	0.38513
244	27	0.5
244	45	0.41572
244	71	0.5
244	77	-0.3083
244	141	-0.41577
244	159	0.5
244	160	-0.5
244	169	0.39345
244	175	-0.49998
244	187	-0.49919
244	247	-0.39347
244	265	0.30836
244	424	0.47265
244	479	-0.89974
245	39	0.5
245	48	17.521
245	100	0.5
245	101	-0.10584
245	224	-0.15834
245	267	-0.0002525
245	278	-0.23524
245	282	-0.0003235
245	466	-1.2301
245	467	-0.81183
245	471	-2.3768
246	25	-0.5
246	41	0.48114
246	54	0.0034215
246	94	-1.65e-05
246	132	1.65e-05
246	223	0.50378
247	5	0.5
247	29	-0.5
247	43	0.0015935
247	141	0.52919
247	145	0.10199
247	238	-2.0842
247	244	-0.39347
247	271	0.39349
247	478	0.34051
248	6	-0.5
248	22	-1.0833
248	28	0.29959
248	30	-1.0833
248	59	-0.29959
248	60	1.2837
248	76	0.5
248	78	1.2837
248	165	0.5
248	242	-0.5
248	473	-0.5
249	25	0.50385
249	48	42.923
249	55	65.203
249	63	72.081
249	85	0.50104
249	116	4.25e-05
249	131	-4.25e-05
250	8	0.5
250	17	-1.2673
250	27	0.47291
250	34	0.62762
250	49	2.0699
250	72	0.5
250	159	0.37139
250	160	0.5489
250	167	-0.56113
250	177	-0.0007745
250	178	-0.14385
250	179	-0.001308
250	182	0.3266
250	183	-0.18573
250	185	-0.91996
250	209	-0.38841
250	254	-0.20628
251	9	0.5
251	39	0.5
251	47	-0.046676
251	143	-0.5
251	144	-0.5
251	172	-0.5
251	243	-0.17341
251	464	-0.0007655
252	5	-0.5
252	65	0.5
252	123	-1.284
252	158	1.971
252	174	0.5
253	4	0.5
253	22	-0.099848
253	45	-0.50024
253	87	0.27542
253	141	-0.5
253	198	0.47261
253	214	-0.90798
253	220	0.38803
253	271	0.5
253	444	-0.49315
253	467	0.5
253	473	0.021868
254	22	0.000325
254	28	0.080298
254	29	0.5
254	43	0.39365
254	60	-0.0003485
254	162	-0.5
254	213	-0.39342
254	250	-0.20628
254	272	-0.12651
254	281	-0.50024
254	473	-0.080274
255	9	2.1645
255	28	-0.5
255	45	2.1645
255	59	0.5
255	60	-2.1424
255	77	0.4779
255	78	-2.1424
255	186	-0.4779
255	197	1.4618
255	202	-0.5
255	236	0.62765
255	264	-0.49998
255	270	0.5
255	418	0.5
256	47	-0.5
256	138	-0.39329
256	149	1.306
256	161	0.5
256	204	1.1187
256	208	0.0017185
256	273	0.39265
256	460	9.9536
257	7	6.3581
257	17	0.5
257	32	-0.0009265
257	35	10.097
257	38	-0.077285
257	123	0.5
257	143	0.5
257	158	-0.76749
257	169	-2.0898
257	172	-0.049265
257	230	-1.6793
257	279	-2.1513
257	458	-0.091718
257	459	-0.041528
258	44	0.5
258	56	-9483.3
258	175	-0.5
258	198	-0.20612
258	214	-0.12773
258	464	-0.75
259	2	0.5
259	6	0.083931
259	7	6.823
259	34	-0.5
259	74	-0.5
259	75	-0.5
260	36	8.3551
260	79	131.65
260	94	-0.5
260	101	0.5
260	132	1.25
261	2	0.38535
261	37	-4.2e-05
261	50	-0.79469
261	52	-0.81156
261	59	-1.6028
261	62	-0.79091
261	80	0.5
261	98	-0.43578
261	195	-0.5
261	196	-0.2872
261	228	1.1238
261	445	-0.5
261	451	0.5
261	455	2.2338
262	32	-5.25e-05
262	38	-0.0039355
262	74	0.5
262	85	0.48702
262	127	9.941
262	204	0.82303
262	225	-0.02595
262	230	-0.056668
262	279	-0.57868
262	418	0.52172
262	458	-0.027568
262	459	-0.001566
262	460	-0.17073
263	32	-0.5
263	38	-0.5
263	70	0.35987
263	167	-0.5
263	182	-0.28616
263	185	-0.76767
263	186	-0.25638
263	188	-0.51262
263	204	-0.26365
263	240	-0.26311
263	243	-0.26261
263	284	-0.14013
263	478	-0.26307
264	3	-0.5
264	7	0.39345
264	34	0.5
264	40	-0.39347
264	45	0.083931
264	71	0.5
264	77	-0.004909
264	141	-0.083862
264	190	0.5
264	255	-0.49998
264	265	0.00484
264	270	-0.49919
264	424	0.62744
264	479	1.4629
265	20	0.5
265	21	-0.20373
265	29	2.0434
265	58	0.46801
265	167	-0.53117
265	177	-0.000707
265	178	-0.17136
265	179	-0.0012
265	183	-0.22022
265	185	-0.86676
265	187	-0.30837
265	233	0.080259
265	244	0.30836
265	264	0.00484
265	270	-0.00484
265	273	-0.080261
265	276	0.49865
265	444	0.62094
265	469	-0.5
266	4	0.5
266	35	-0.5
266	164	0.10202
266	198	0.62721
266	213	0.0005945
266	214	1.4778
266	283	0.5
266	285	-0.50024
266	471	-0.5
267	15	0.5
267	116	-0.0002825
267	174	0.41386
267	224	-0.21901
267	232	-0.5
267	245	-0.0002525
268	17	6.1222
268	66	0.26557
268	72	0.5
268	98	-0.38841
268	138	0.37139
268	139	0.0018305
268	172	-0.5
268	182	1.0757
268	189	-0.76557
268	193	-0.5
269	6	0.5
269	32	-0.0022695
269	38	-0.20211
269	165	0.5
269	213	5.7794
269	220	3.6264
269	230	-0.90459
269	279	-1.2283
269	280	-1.1948
269	427	-0.025823
269	458	-0.049041
269	459	-0.020948
270	3	0.083985
270	7	-0.39347
270	141	0.083864
270	180	-0.083848
270	181	0.39265
270	184	-0.5
270	238	0.0048235
270	255	0.5
270	264	-0.49919
270	265	-0.00484
271	27	-0.50003
271	28	-0.30723
271	45	-0.41574
271	53	-0.39347
271	60	0.41465
271	77	0.30832
271	197	0.5
271	247	0.39349
271	253	0.5
271	276	2.266
271	469	-2.2721
272	3	6.9638
272	9	0.5
272	17	3.8562
272	27	-0.8988
272	34	1.4627
272	49	2.5166
272	72	0.5
272	173	-0.38841
272	182	0.36877
272	190	0.37139
272	191	-0.1073
272	194	-0.0002045
272	206	-0.019005
272	219	-0.001966
272	221	-0.64
272	254	-0.12651
272	435	-0.26454
273	35	-0.39347
273	139	0.1154
273	141	0.0003515
273	156	-0.5
273	180	-0.000422
273	233	-0.49919
273	238	0.080332
273	242	0.5
273	256	0.39265
273	265	-0.080261
274	2	-0.5
274	6	-0.5
274	18	-0.5
274	66	1.3067
274	96	0.5
275	46	0.48891
275	63	14.084
275	85	-0.0001215
275	111	0.5
275	217	-0.22446
275	223	-0.27542
275	466	-2.05e-05
275	467	-1.65e-05
275	471	-4.25e-05
276	9	-2.2646
276	45	-2.2646
276	77	-0.5
276	89	-0.5
276	141	2.266
276	143	-0.49865
276	186	0.5
276	202	0.083864
276	265	0.49865
276	271	2.266
277	55	6.8343
277	84	9.3686
277	100	-0.5
277	102	-0.5
277	284	1.25
277	423	0.45812
278	16	0.5
278	101	-0.21299
278	116	-0.26303
278	188	0.46567
278	245	-0.23524
278	434	-0.5
279	17	-1.4762
279	47	-2.0506
279	71	0.26148
279	87	-0.5
279	195	-0.5
279	196	-0.59752
279	238	-2.1454
279	257	-2.1513
279	262	-0.57868
279	269	-1.2283
279	438	-0.5
279	460	-2.1271
279	476	-0.23852
280	45	-0.39342
280	100	-0.5
280	111	-0.5
280	118	0.5
280	122	0.5
280	133	0.5
280	138	0.5785
280	146	0.30349
280	186	0.34247
280	191	-0.078503
280	221	-0.5
280	269	-1.1948
280	281	0.38803
280	282	-0.5
280	284	-0.078503
280	433	0.5
281	4	0.5
281	22	-0.39298
281	51	0.5
281	58	-0.49315
281	87	0.22446
281	140	-0.5
281	198	2.0682
281	214	2.5425
281	254	-0.50024
281	280	0.38803
281	466	0.5
281	473	0.28698
282	14	0.5
282	101	-0.000293
282	205	-0.5
282	213	-0.5
282	220	-0.5
282	224	-0.28069
282	245	-0.0003235
282	280	-0.5
283	28	-0.005975
283	34	-0.50003
283	40	0.39349
283	45	-0.083935
283	60	0.085001
283	75	0.5
283	76	-0.5
283	77	0.004909
283	229	-0.5
283	266	0.5
283	443	-0.39347
284	1	-17.311
284	13	-0.68222
284	14	-0.0007655
284	15	-0.001158
284	16	-0.001432
284	32	-0.0084485
284	38	-0.5
284	67	0.5
284	90	0.5
284	91	0.5
284	92	0.5
284	93	0.5
284	104	0.5
284	121	0.30157
284	124	-0.29982
284	125	-0.7017
284	128	0.5
284	145	-0.5
284	195	-0.1253
284	200	0.050424
284	213	-0.048738
284	220	-0.033639
284	241	-0.55061
284	263	-0.14013
284	277	1.25
284	280	-0.078503
284	425	5.7939
284	429	0.5
284	446	0.50845
284	450	-0.60543
284	462	-0.68519
284	465	-0.60941
284	476	0.0084485
285	5	0.5
285	22	0.10124
285	28	0.0059775
285	51	0.39349
285	60	-0.085041
285	140	0.001708
285	220	-0.39342
285	233	-0.39347
285	238	10.07
285	266	-0.50024
285	443	0.39365
285	444	0.5
285	473	-0.022172
285	478	1.1197
286	302	0.060743
286	446	0.5
286	462	-0.4538
286	476	0.4538
287	309	0.17242
287	456	0.5
287	461	0.5
287	463	-0.13239
287	475	0.5
288	317	-0.004447
288	427	-0.5
288	448	0.048108
288	464	-0.5
288	471	-0.5
288	473	-0.5
288	476	0.5
289	303	-0.5
289	428	0.5
289	454	1.0736
289	470	0.36655
290	292	99.5
290	439	-0.5
290	464	0.5
291	293	49.575
291	423	-0.5
291	439	0.54571
291	464	0.5
292	290	99.5
292	426	1.25
292	444	1.65e-05
292	453	5.7201
293	291	49.575
293	426	-0.5
293	444	-1.65e-05
293	453	118.02
293	476	-107.92
294	318	0.5
294	415	-0.10819
294	416	0.14434
295	323	2.6412
295	414	0.5
295	415	-0.3062
296	319	9.6e-05
296	329	0.5
296	419	1.3342
296	463	0.44474
296	476	-4.8016
297	297	65.087
297	315	0.033794
297	328	-4576.4
297	419	-0.094295
297	436	-0.5
297	476	0.5
298	315	1124.4
298	327	-1.5811e+05
298	436	-13.032
298	476	13.032
299	316	-0.5
299	326	-0.071333
299	419	0.84285
299	420	-0.5
299	455	-0.22446
299	456	-0.5
299	466	0.5
300	317	-5.35e-05
300	330	0.015182
300	427	-24.782
300	450	0.5
300	454	0.24915
300	460	-0.37196
300	469	-0.12004
300	470	0.5
300	475	0.35292
301	317	-0.044099
301	330	0.0012125
301	418	-0.37196
301	437	0.5
301	454	0.097823
301	456	0.35292
301	465	0.5
301	469	-0.002843
301	473	-11.045
302	286	0.060743
302	330	3.159
302	433	-0.5
302	447	-0.50365
302	475	0.50406
302	478	-0.5
303	289	-0.5
303	326	0.0096995
303	424	-0.20734
303	430	-0.5
303	479	-0.12711
304	320	0.5
304	347	0.5
304	413	-0.023062
304	421	-0.31209
305	318	-0.56918
305	349	173.79
305	413	0.018347
305	421	0.049658
305	454	0.049658
305	464	0.049658
306	331	0.5
306	344	41.75
306	414	-0.018306
306	436	-0.41847
307	321	0.5
307	343	24.088
307	414	-0.012261
307	476	-0.18685
308	322	0.5
308	330	-0.17212
308	414	-0.018824
308	417	0.5
309	287	0.17242
309	327	4576.4
309	328	-3452.4
309	431	1.5652
309	432	0.35546
310	345	540.43
310	346	-0.10251
310	348	-0.21812
311	335	-0.16094
311	344	2.6492
311	346	0.0012265
311	417	0.5
312	332	65
312	340	0.50299
312	343	-0.15
313	330	-0.5
313	338	84.135
313	347	0.80705
313	414	-0.10937
313	436	-0.5
313	476	-0.5
314	337	0.5
314	346	48.326
314	347	-0.80705
315	297	0.033794
315	298	1124.4
315	315	-0.12505
316	299	-0.5
316	326	0.5
316	329	-0.023807
316	446	2.3858
316	474	-0.72968
317	288	-0.004447
317	300	-5.35e-05
317	301	-0.044099
317	326	-0.0088125
317	438	0.5
317	445	-0.047652
317	449	0.5
317	456	-0.06478
317	466	-1.0893
317	467	1.786
317	471	3.0836
318	294	0.5
318	305	-0.56918
318	350	-0.11327
319	296	9.6e-05
319	327	-0.5
319	328	0.8772
319	419	0.092846
319	463	-0.25
320	304	0.5
320	347	0.10102
320	348	-0.079695
320	349	0.5
320	415	-0.44274
321	307	0.5
321	335	0.5
321	350	-0.075869
322	308	0.5
322	341	0.5
322	350	-0.044904
323	295	2.6412
323	339	5e-05
323	342	-9224.5
323	347	1.2242
323	415	0.40806
324	336	-0.25
324	344	-0.5
324	347	0.75
324	350	0.5
324	415	0.25
325	337	0.50144
325	342	0.5
325	345	-4.25e-05
325	349	4.25e-05
325	413	-0.015463
325	464	-0.13951
326	299	-0.071333
326	303	0.0096995
326	316	0.5
326	317	-0.0088125
326	329	-1.15e-05
326	422	0.18164
326	448	-0.0001765
326	456	0.26904
326	461	0.45677
326	475	-0.18151
327	298	-1.5811e+05
327	309	4576.4
327	319	-0.5
327	328	-6066.3
327	419	-10226
327	436	-0.5
327	476	1.25
328	297	-4576.4
328	309	-3452.4
328	319	0.8772
328	327	-6066.3
328	457	-4576.4
328	476	-0.75
329	296	0.5
329	316	-0.023807
329	326	-1.15e-05
329	451	-1.2979
329	474	0.5
330	300	0.015182
330	301	0.0012125
330	302	3.159
330	308	-0.17212
330	313	-0.5
330	451	0.33652
330	474	0.72968
331	306	0.5
331	339	0.80262
331	343	-0.25
331	348	0.50523
332	312	65
332	337	-1.2169
332	345	85.971
333	338	31.53
333	340	0.5
333	346	0.072096
333	347	-0.057965
333	348	-0.38402
334	339	-0.5
334	341	-0.1806
334	343	0.5
334	345	-1.5811e+05
334	347	-17613
334	349	-6161.8
334	416	9224.5
335	311	-0.16094
335	321	0.5
335	345	-0.5
335	349	1.25
335	413	0.005188
335	421	0.070208
336	324	-0.25
336	339	0.5
336	343	-0.5
336	346	1.25
336	413	0.0080585
336	454	0.043623
337	314	0.5
337	325	0.50144
337	332	-1.2169
337	343	-0.1
338	313	84.135
338	333	31.53
338	340	2.05e-05
338	341	1.25
338	342	-9224.5
339	323	5e-05
339	331	0.80262
339	334	-0.5
339	336	0.5
339	342	0.42267
339	350	-0.055349
340	312	0.50299
340	333	0.5
340	338	2.05e-05
340	344	-2.05e-05
340	413	-0.02428
340	454	-0.13143
341	322	0.5
341	334	-0.1806
341	338	1.25
341	344	-0.5
341	413	0.0058215
341	464	0.05252
342	323	-9224.5
342	325	0.5
342	338	-9224.5
342	339	0.42267
342	348	-0.071514
342	416	-7797.8
343	307	24.088
343	312	-0.15
343	331	-0.25
343	334	0.5
343	336	-0.5
343	337	-0.1
343	348	-1.65e-05
343	417	-4.25e-05
344	306	41.75
344	311	2.6492
344	324	-0.5
344	340	-2.05e-05
344	341	-0.5
345	310	540.43
345	325	-4.25e-05
345	332	85.971
345	334	-1.5811e+05
345	335	-0.5
346	310	-0.10251
346	311	0.0012265
346	314	48.326
346	333	0.072096
346	336	1.25
346	348	1.65e-05
347	304	0.5
347	313	0.80705
347	314	-0.80705
347	320	0.10102
347	323	1.2242
347	324	0.75
347	333	-0.057965
347	334	-17613
347	350	-0.090593
348	310	-0.21812
348	320	-0.079695
348	331	0.50523
348	333	-0.38402
348	342	-0.071514
348	343	-1.65e-05
348	346	1.65e-05
349	305	173.79
349	320	0.5
349	325	4.25e-05
349	334	-6161.8
349	335	1.25
350	318	-0.11327
350	321	-0.075869
350	322	-0.044904
350	324	0.5
350	339	-0.055349
350	347	-0.090593
350	413	-0.18473
350	414	-0.12001
350	415	0.66439
350	417	-1.9251
350	421	-0.5
350	454	-0.5
350	464	-0.5
351	441	0.10124
351	443	6.6667
351	444	-0.5
351	478	0.5
352	353	-0.5
352	439	-0.5
352	465	0.5
352	472	-0.5
353	352	-0.5
353	425	0.0017175
353	429	0.47677
353	434	-0.5
353	450	0.5
353	452	0.021508
353	456	0.5
353	461	0.5
353	468	-0.5
353	475	0.5
354	425	747.18
354	431	0.5
354	432	-0.5
354	452	-0.51039
355	372	0.5
355	383	0.49891
355	476	-0.000507
356	385	0.5
356	403	-4.7405
356	413	0.5
357	386	0.5
357	403	-1.9015
357	414	0.5
357	440	0.5
358	371	0.5
358	408	-0.01875
358	413	0.5
359	387	0.50062
359	405	-0.25
359	415	0.5
360	377	0.5013
360	405	-0.15
360	416	0.5
361	372	0.5
361	382	-0.47677
361	395	0.50069
361	476	-0.0009455
362	396	-0.5
362	397	86.32
362	398	-1.65e-05
362	442	49.575
362	476	0.5
363	387	0.49597
363	406	-0.5312
363	410	66.427
363	474	0.44088
364	378	-0.16094
364	399	1247.1
364	402	-0.51079
365	379	-0.56918
365	400	11.065
365	402	0.47688
366	380	150
366	390	0.5
366	408	-0.062072
367	399	400.41
367	406	-0.25
367	409	0.0092245
367	435	0.41353
368	392	-0.1806
368	400	193.5
368	409	0.0066635
368	458	0.49788
369	410	-0.0021705
369	411	95.692
369	412	0.14351
369	466	-0.5
369	467	-0.5
369	477	-0.5
370	384	0.5
370	390	54.934
370	412	-0.14351
371	358	0.5
371	407	1.5961
371	409	-0.022307
371	435	-0.5
371	458	-0.5
371	459	-0.5
372	355	0.5
372	361	0.5
372	383	-2.45e-05
372	476	-0.0007655
373	388	1.25
373	389	2.05e-05
373	393	174.5
373	396	361.03
373	476	0.5
374	393	100
374	394	-0.5
374	395	-4.25e-05
374	397	178.32
374	476	0.5
375	391	0.5
375	403	-0.5
375	407	-0.030895
375	412	0.050821
376	392	0.52002
376	404	0.5
376	406	-65.927
376	408	-0.023221
377	360	0.5013
377	400	2.05e-05
377	407	-1.5545
377	411	-2.05e-05
377	417	0.58881
378	364	-0.16094
378	405	110.87
378	409	0.0059385
378	459	0.66555
379	365	-0.56918
379	408	197.74
379	409	0.021001
379	435	0.47074
379	458	0.47074
379	459	0.47074
380	366	150
380	384	-1.4259
380	409	0.5
381	401	0.0038225
381	403	-9.62
381	404	0.5
381	407	3.8498
381	412	11.549
382	361	-0.47677
382	383	0.5
382	389	-0.0017175
382	395	-0.021508
382	419	0.75
382	456	-1.65e-05
382	461	-4.2e-05
382	463	0.25
382	475	-2.05e-05
383	355	0.49891
383	372	-2.45e-05
383	382	0.5
383	383	-0.042872
383	388	-5e-07
383	394	-0.0002555
383	398	-0.47719
383	456	-0.32457
383	461	-1.0245
383	475	-0.51077
384	370	0.5
384	380	-1.4259
384	408	-0.14638
384	411	0.5
385	356	0.5
385	390	-1.65e-05
385	401	0.50226
385	405	1.65e-05
385	409	-0.0011095
385	435	-0.049737
386	357	0.5
386	391	0.5
386	399	1.25
386	408	-0.5
386	409	-0.0006655
386	458	-0.049737
387	359	0.50062
387	363	0.49597
387	399	4.25e-05
387	407	-1.32
387	408	-4.25e-05
388	373	1.25
388	383	-5e-07
388	394	0.5
388	396	0.5
388	397	-0.5
389	373	2.05e-05
389	382	-0.0017175
389	395	0.50144
389	397	-2.05e-05
389	398	0.50251
390	366	0.5
390	370	54.934
390	385	-1.65e-05
390	403	-0.5
391	375	0.5
391	386	0.5
391	408	-0.245
391	410	-8182.1
392	368	-0.1806
392	376	0.52002
392	402	0.44391
392	412	-1.32
393	373	174.5
393	374	100
393	396	1.25
393	398	1.65e-05
393	476	0.5
394	374	-0.5
394	383	-0.0002555
394	388	0.5
394	396	1.25
394	398	0.5
395	361	0.50069
395	374	-4.25e-05
395	382	-0.021508
395	389	0.50144
395	396	4.25e-05
396	362	-0.5
396	373	361.03
396	388	0.5
396	393	1.25
396	394	1.25
396	395	4.25e-05
397	362	86.32
397	374	178.32
397	388	-0.5
397	389	-2.05e-05
397	476	0.5
398	362	-1.65e-05
398	383	-0.47719
398	389	0.50251
398	393	1.65e-05
398	394	0.5
399	364	1247.1
399	367	400.41
399	386	1.25
399	387	4.25e-05
399	410	-1.5811e+05
400	365	11.065
400	368	193.5
400	377	2.05e-05
400	404	1.25
400	412	-0.5
401	381	0.0038225
401	385	0.50226
401	405	-0.1
401	406	0.0040285
401	410	-0.5
402	364	-0.51079
402	365	0.47688
402	392	0.44391
402	403	0.5
402	408	-0.004585
403	356	-4.7405
403	357	-1.9015
403	375	-0.5
403	381	-9.62
403	390	-0.5
403	402	0.5
403	405	1.25
404	376	0.5
404	381	0.5
404	400	1.25
404	409	-0.000444
404	411	-0.5
404	459	-0.049737
405	359	-0.25
405	360	-0.15
405	378	110.87
405	385	1.65e-05
405	401	-0.1
405	403	1.25
405	409	-4.2e-05
405	410	0.5
406	363	-0.5312
406	367	-0.25
406	376	-65.927
406	401	0.0040285
406	409	0.5
406	417	-65.927
407	371	1.5961
407	375	-0.030895
407	377	-1.5545
407	381	3.8498
407	387	-1.32
407	409	0.5
407	412	0.030895
408	358	-0.01875
408	366	-0.062072
408	376	-0.023221
408	379	197.74
408	384	-0.14638
408	386	-0.5
408	387	-4.25e-05
408	391	-0.245
408	402	-0.004585
408	409	-1.3969
408	412	0.5
409	367	0.0092245
409	368	0.0066635
409	371	-0.022307
409	378	0.0059385
409	379	0.021001
409	380	0.5
409	385	-0.0011095
409	386	-0.0006655
409	404	-0.000444
409	405	-4.2e-05
409	406	0.5
409	407	0.5
409	408	-1.3969
409	409	1.594
409	410	1.0078
409	451	-0.48096
410	363	66.427
410	369	-0.0021705
410	391	-8182.1
410	399	-1.5811e+05
410	401	-0.5
410	405	0.5
410	409	1.0078
410	412	-2348.4
410	413	-0.0007885
410	415	-0.0002095
410	416	-0.000114
411	369	95.692
411	377	-2.05e-05
411	384	0.5
411	404	-0.5
412	369	0.14351
412	370	-0.14351
412	375	0.050821
412	381	11.549
412	392	-1.32
412	400	-0.5
412	407	0.030895
412	408	0.5
412	410	-2348.4
412	412	0.18537
413	304	-0.023062
413	305	0.018347
413	325	-0.015463
413	335	0.005188
413	336	0.0080585
413	340	-0.02428
413	341	0.0058215
413	350	-0.18473
413	356	0.5
413	358	0.5
413	410	-0.0007885
413	417	0.79809
413	466	-0.36324
414	295	0.5
414	306	-0.018306
414	307	-0.012261
414	308	-0.018824
414	313	-0.10937
414	350	-0.12001
414	357	0.5
414	417	1.008
415	294	-0.10819
415	295	-0.3062
415	320	-0.44274
415	323	0.40806
415	324	0.25
415	350	0.66439
415	359	0.5
415	410	-0.0002095
415	467	-0.16081
416	294	0.14434
416	334	9224.5
416	342	-7797.8
416	360	0.5
416	410	-0.000114
416	477	-0.13122
417	308	0.5
417	311	0.5
417	343	-4.25e-05
417	350	-1.9251
417	377	0.58881
417	406	-65.927
417	413	0.79809
417	414	1.008
417	441	-0.39488
418	69	0.5
418	166	11.442
418	173	0.32418
418	175	0.5
418	188	0.21088
418	242	0.5
418	255	0.5
418	262	0.52172
418	301	-0.37196
419	150	-0.84285
419	180	0.5
419	181	0.060719
419	296	1.3342
419	297	-0.094295
419	299	0.84285
419	319	0.092846
419	327	-10226
419	382	0.75
420	113	0.77228
420	129	0.5
420	299	-0.5
420	448	-0.028732
421	18	2.7097
421	53	-8.3362
421	60	-0.5
421	68	0.5
421	96	-0.5
421	110	-0.5
421	304	-0.31209
421	305	0.049658
421	335	0.070208
421	350	-0.5
421	443	-0.5
422	159	-0.39329
422	161	0.5
422	187	0.39265
422	192	-0.5
422	201	0.53093
422	204	0.34017
422	216	-0.31836
422	227	-0.5
422	326	0.18164
422	460	-2.0602
423	48	-0.5
423	55	-0.5
423	59	0.5
423	63	-0.5
423	277	0.45812
423	291	-0.5
423	443	-0.5
424	26	0.5
424	167	-0.56164
424	177	-0.00094
424	178	-0.14412
424	179	-0.001581
424	183	-0.18686
424	185	-0.92464
424	199	0.58417
424	233	2.0733
424	244	0.47265
424	264	0.62744
424	303	-0.20734
424	435	18.835
425	11	0.0017175
425	33	0.0017175
425	56	-0.5
425	57	-0.5
425	102	-5.7939
425	111	-1.5811e+05
425	284	5.7939
425	353	0.0017175
425	354	747.18
426	8	0.5
426	25	0.5
426	77	-0.5
426	192	-0.5
426	292	1.25
426	293	-0.5
427	86	-61.945
427	115	-232.18
427	145	0.5
427	158	347.21
427	164	-31.34
427	178	-0.5
427	186	-0.16209
427	196	-0.5
427	231	-0.5
427	269	-0.025823
427	288	-0.5
427	300	-24.782
428	7	0.5
428	17	-0.038213
428	35	0.5
428	70	-0.5
428	137	-0.5
428	169	0.5
428	176	-0.5
428	182	-0.16815
428	289	0.5
429	11	0.47677
429	24	-0.5
429	33	0.47677
429	44	-0.5
429	102	-0.5
429	120	0.52486
429	122	-111.06
429	284	0.5
429	353	0.47677
430	21	-0.15001
430	29	3.013
430	30	0.5
430	58	-1.0748
430	140	0.10199
430	191	-0.12248
430	194	-0.0002265
430	206	-0.0273
430	219	-0.0021855
430	221	-0.73399
430	303	-0.5
430	435	-0.38181
430	444	1.7509
431	118	-0.5
431	197	-0.5
431	309	1.5652
431	354	0.5
432	100	-0.5
432	118	0.3698
432	122	0.3698
432	133	0.3698
432	189	-0.85546
432	193	-0.5
432	225	-0.5
432	309	0.35546
432	354	-0.5
433	70	-0.5
433	130	-0.5
433	144	-0.5
433	177	-0.5
433	181	-0.5
433	210	-0.5
433	213	0.5
433	220	0.5
433	231	-0.5
433	280	0.5
433	302	-0.5
434	10	-0.5
434	23	0.5
434	86	0.5
434	212	0.53686
434	278	-0.5
434	353	-0.5
434	436	0.5
435	170	-0.5
435	174	-0.29951
435	197	-0.26416
435	214	-0.27066
435	220	-0.5
435	272	-0.26454
435	367	0.41353
435	371	-0.5
435	379	0.47074
435	385	-0.049737
435	424	18.835
435	430	-0.38181
435	455	-0.28734
435	479	-0.26483
436	66	0.5
436	89	5.1082
436	136	0.5
436	232	0.5
436	297	-0.5
436	298	-13.032
436	306	-0.41847
436	313	-0.5
436	327	-0.5
436	434	0.5
436	439	0.5
437	17	2.9636
437	37	-1.65e-05
437	50	-0.29349
437	52	-0.257
437	59	-0.51834
437	62	-0.25326
437	80	0.5
437	107	-0.5
437	119	0.060748
437	125	0.053366
437	134	-0.058815
437	173	-0.43578
437	228	0.27871
437	301	0.5
437	442	-0.5
437	455	1.32
438	3	0.46996
438	279	-0.5
438	317	0.5
438	440	-0.20264
438	458	-0.03004
438	476	-0.03004
439	163	1.0578
439	227	-0.5
439	290	-0.5
439	291	0.54571
439	352	-0.5
439	436	0.5
440	7	-0.5
440	22	0.20345
440	30	0.20345
440	40	0.39844
440	87	0.20264
440	165	-0.093907
440	357	0.5
440	438	-0.20264
440	473	0.093907
441	22	-0.0003205
441	29	-0.49315
441	87	0.0001215
441	142	-0.5
441	213	0.38803
441	351	0.10124
441	417	-0.39488
441	471	0.5
441	473	0.079174
442	112	-0.5
442	126	-0.5
442	129	-0.087371
442	362	49.575
442	437	-0.5
442	463	0.88349
442	476	0.5
443	12	11.335
443	27	0.5
443	47	6.0601
443	243	0.38513
443	283	-0.39347
443	285	0.39365
443	351	6.6667
443	421	-0.5
443	423	-0.5
443	464	1.25
444	49	0.5
444	52	0.50251
444	253	-0.49315
444	265	0.62094
444	285	0.5
444	292	1.65e-05
444	293	-1.65e-05
444	351	-0.5
444	430	1.7509
445	13	0.5
445	163	0.47677
445	261	-0.5
445	317	-0.047652
445	461	0.16048
445	471	-9.7269
446	162	-0.5
446	284	0.50845
446	286	0.5
446	316	2.3858
447	70	-0.50569
447	86	-0.5
447	130	-0.56272
447	144	-0.50123
447	166	2.0211
447	177	-0.70966
447	181	-0.50345
447	210	-0.50359
447	231	-0.4716
447	302	-0.50365
448	100	0.030722
448	111	-1312.8
448	118	0.023682
448	120	-0.36707
448	133	3.7896
448	152	0.5
448	288	0.048108
448	326	-0.0001765
448	420	-0.028732
448	474	-0.048108
449	7	0.5
449	144	0.060452
449	317	0.5
449	476	-4.7188
450	23	0.5
450	284	-0.60543
450	300	0.5
450	353	0.5
451	1	89.867
451	204	-0.37196
451	261	0.5
451	329	-1.2979
451	330	0.33652
451	409	-0.48096
451	454	0.15303
451	461	0.35292
451	469	-0.24907
452	11	0.021508
452	12	-0.5
452	31	-0.5
452	33	0.021508
452	84	0.47244
452	120	0.43141
452	353	0.021508
452	354	-0.51039
453	116	1.25
453	127	0.5
453	131	-0.5
453	292	5.7201
453	293	118.02
454	98	-0.13337
454	123	-1.3047
454	173	-0.085257
454	209	-0.21715
454	289	1.0736
454	300	0.24915
454	301	0.097823
454	305	0.049658
454	336	0.043623
454	340	-0.13143
454	350	-0.5
454	451	0.15303
454	474	0.2112
455	126	0.5
455	191	-0.084454
455	194	-0.11752
455	206	-0.02909
455	219	-0.39233
455	221	-0.35746
455	226	0.0188
455	261	2.2338
455	299	-0.22446
455	435	-0.28734
455	437	1.32
455	464	-0.23106
455	470	-0.88684
456	3	3.7016
456	11	0.5
456	12	-0.5
456	24	-0.5
456	33	0.5
456	56	-0.5
456	65	0.5
456	107	28.477
456	129	0.041236
456	287	0.5
456	299	-0.5
456	301	0.35292
456	317	-0.06478
456	326	0.26904
456	353	0.5
456	382	-1.65e-05
456	383	-0.32457
457	137	0.18022
457	156	0.01027
457	226	2.657
457	328	-4576.4
457	476	0.5
458	17	-0.063199
458	47	-0.087014
458	87	-0.014439
458	238	-0.091442
458	257	-0.091718
458	262	-0.027568
458	269	-0.049041
458	368	0.49788
458	371	-0.5
458	379	0.47074
458	386	-0.049737
458	438	-0.03004
458	460	-0.090695
458	479	3.0987
459	17	-0.024433
459	47	-0.039253
459	102	-0.017424
459	182	4.3007
459	238	-0.041397
459	257	-0.041528
459	262	-0.001566
459	269	-0.020948
459	371	-0.5
459	378	0.66555
459	379	0.47074
459	404	-0.049737
459	460	-0.040913
459	461	-0.008375
460	32	-0.0009125
460	38	-0.076089
460	69	0.5
460	155	1.2599
460	181	6.268
460	188	0.18995
460	198	0.5
460	209	0.32418
460	230	-1.6543
460	256	9.9536
460	262	-0.17073
460	279	-2.1271
460	300	-0.37196
460	422	-2.0602
460	458	-0.090695
460	459	-0.040913
460	478	-0.04887
461	11	0.5
461	12	-0.5
461	24	-0.5
461	33	0.5
461	56	-0.5
461	73	0.49162
461	88	0.5
461	129	0.41988
461	230	-0.5
461	287	0.5
461	326	0.45677
461	353	0.5
461	382	-4.2e-05
461	383	-1.0245
461	445	0.16048
461	451	0.35292
461	459	-0.008375
462	67	0.5
462	103	-2.8559
462	105	-0.11618
462	148	-0.46784
462	207	-0.51733
462	284	-0.68519
462	286	-0.4538
463	95	0.5
463	130	0.067868
463	226	-0.50109
463	287	-0.13239
463	296	0.44474
463	319	-0.25
463	382	0.25
463	442	0.88349
464	2	0.91518
464	10	0.5
464	19	-0.000507
464	21	0.5
464	22	0.5
464	28	-0.0009455
464	53	8.3362
464	60	0.5
464	147	0.5
464	228	-0.061748
464	251	-0.0007655
464	258	-0.75
464	288	-0.5
464	290	0.5
464	291	0.5
464	305	0.049658
464	325	-0.13951
464	341	0.05252
464	350	-0.5
464	443	1.25
464	455	-0.23106
465	11	0.5
465	284	-0.60941
465	301	0.5
465	352	0.5
466	101	-0.63868
466	105	0.5
466	116	-0.58591
466	146	-0.5
466	190	232.65
466	224	-0.62525
466	226	0.32549
466	245	-1.2301
466	275	-2.05e-05
466	281	0.5
466	299	0.5
466	317	-1.0893
466	369	-0.5
466	413	-0.36324
467	78	-0.5
467	101	-0.38667
467	105	0.5
467	116	-0.42969
467	139	96.095
467	150	0.5
467	224	-0.39759
467	226	0.46218
467	245	-0.81183
467	253	0.5
467	275	-1.65e-05
467	317	1.786
467	369	-0.5
467	415	-0.16081
468	31	0.5
468	111	-0.5
468	122	0.00407
468	133	0.0022695
468	353	-0.5
469	98	0.21708
469	123	3.0887
469	141	-2.2721
469	143	0.5
469	173	0.002478
469	180	2.266
469	198	-0.50614
469	209	0.10463
469	237	2.266
469	238	0.50614
469	265	-0.5
469	271	-2.2721
469	300	-0.12004
469	301	-0.002843
469	451	-0.24907
469	474	-0.5
470	37	-2.05e-05
470	50	-0.40008
470	52	-0.40405
470	59	-0.81885
470	62	-0.4182
470	80	0.5
470	106	-0.5
470	199	-0.5
470	200	-0.23288
470	209	-0.43578
470	228	0.20377
470	289	0.36655
470	300	0.5
470	455	-0.88684
471	101	-1.2081
471	105	0.5
471	116	-1.164
471	119	0.5
471	159	201.32
471	224	-1.2561
471	226	1.6983
471	245	-2.3768
471	266	-0.5
471	275	-4.25e-05
471	288	-0.5
471	317	3.0836
471	441	0.5
471	445	-9.7269
472	1	0.5
472	46	-0.5
472	232	0.51134
472	352	-0.5
473	45	-0.29097
473	138	121.98
473	248	-0.5
473	253	0.021868
473	254	-0.080274
473	281	0.28698
473	285	-0.022172
473	288	-0.5
473	301	-11.045
473	440	0.093907
473	441	0.079174
474	74	0.5
474	126	-0.2112
474	316	-0.72968
474	329	0.5
474	330	0.72968
474	363	0.44088
474	448	-0.048108
474	454	0.2112
474	469	-0.5
475	11	0.5
475	12	-0.5
475	24	-0.5
475	32	-0.004061
475	33	0.5
475	38	-0.5
475	56	-0.5
475	64	0.5
475	106	5.7919
475	129	0.034762
475	287	0.5
475	300	0.35292
475	302	0.50406
475	326	-0.18151
475	353	0.5
475	382	-2.05e-05
475	383	-0.51077
476	32	-0.092914
476	73	1.0508
476	79	-27.594
476	99	-47.838
476	102	0.017424
476	103	-2.188
476	148	-4.499
476	151	-24.148
476	152	-4.7271
476	177	-0.5
476	185	-0.5
476	189	-0.5
476	207	-4.441
476	230	-0.27764
476	279	-0.23852
476	284	0.0084485
476	286	0.4538
476	288	0.5
476	293	-107.92
476	296	-4.8016
476	297	0.5
476	298	13.032
476	307	-0.18685
476	313	-0.5
476	327	1.25
476	328	-0.75
476	355	-0.000507
476	361	-0.0009455
476	362	0.5
476	372	-0.0007655
476	373	0.5
476	374	0.5
476	393	0.5
476	397	0.5
476	438	-0.03004
476	442	0.5
476	449	-4.7188
476	457	0.5
477	160	138.38
477	226	0.5
477	369	-0.5
477	416	-0.13122
478	40	0.38471
478	73	-0.5
478	192	-0.17428
478	195	-0.40329
478	196	-0.3419
478	199	-0.007919
478	200	-0.0054435
478	203	-0.5
478	204	-0.17419
478	225	0.5
478	231	-0.089003
478	247	0.34051
478	263	-0.26307
478	285	1.1197
478	302	-0.5
478	351	0.5
478	460	-0.04887
479	191	-0.10776
479	194	0.26586
479	206	-0.019104
479	219	-0.0023745
479	221	-0.64009
479	233	2.5165
479	237	0.5
479	244	-0.89974
479	264	1.4629
479	303	-0.12711
479	435	-0.26483
479	458	3.0987
