1	25	0.5
1	31	-0.018824
1	83	0.5
1	87	-0.17212
2	18	24.088
2	26	0.5
2	31	-0.012261
2	88	-0.18685
3	19	41.75
3	27	0.5
3	31	-0.018306
3	89	-0.41847
4	20	85.971
4	28	65
4	29	-1.2169
5	21	48.326
5	29	0.5
5	30	-0.80705
6	22	84.135
6	30	0.80705
6	31	-0.10937
6	87	-0.5
6	88	-0.5
6	89	-0.5
7	23	173.79
7	32	-0.56918
7	43	0.018347
7	111	0.049658
7	112	0.049658
7	113	0.049658
8	18	-0.5
8	21	1.25
8	24	0.5
8	33	-0.25
8	43	0.0080585
8	111	0.043623
9	19	-0.5
9	22	1.25
9	25	0.5
9	34	-0.1806
9	43	0.0058215
9	112	0.05252
10	20	-0.5
10	23	1.25
10	26	0.5
10	35	-0.16094
10	43	0.005188
10	113	0.070208
11	18	-1.65e-05
11	21	1.65e-05
11	27	0.50523
11	36	-0.21812
11	37	-0.38402
11	38	-0.071514
11	39	-0.079695
12	19	-2.05e-05
12	22	2.05e-05
12	28	0.50299
12	37	0.5
12	43	-0.02428
12	111	-0.13143
13	20	-4.25e-05
13	23	4.25e-05
13	29	0.50144
13	38	0.5
13	43	-0.015463
13	112	-0.13951
14	30	0.5
14	39	0.5
14	43	-0.023062
14	113	-0.31209
15	31	0.5
15	40	2.6412
15	42	-0.3062
16	32	0.5
16	41	0.14434
16	42	-0.10819
17	24	-0.055349
17	25	-0.044904
17	26	-0.075869
17	30	-0.090593
17	31	-0.12001
17	32	-0.11327
17	33	0.5
17	42	0.66439
17	43	-0.18473
17	83	-1.9251
17	111	-0.5
17	112	-0.5
17	113	-0.5
18	2	24.088
18	8	-0.5
18	11	-1.65e-05
18	27	-0.25
18	28	-0.15
18	29	-0.1
18	34	0.5
18	83	-4.25e-05
19	3	41.75
19	9	-0.5
19	12	-2.05e-05
19	33	-0.5
19	35	2.6492
20	4	85.971
20	10	-0.5
20	13	-4.25e-05
20	34	-1.5811e+05
20	36	540.43
21	5	48.326
21	8	1.25
21	11	1.65e-05
21	35	0.0012265
21	36	-0.10251
21	37	0.072096
22	6	84.135
22	9	1.25
22	12	2.05e-05
22	37	31.53
22	38	-9224.5
23	7	173.79
23	10	1.25
23	13	4.25e-05
23	34	-6161.8
23	39	0.5
24	8	0.5
24	17	-0.055349
24	27	0.80262
24	34	-0.5
24	38	0.42267
24	40	5e-05
25	1	0.5
25	9	0.5
25	17	-0.044904
26	2	0.5
26	10	0.5
26	17	-0.075869
27	3	0.5
27	11	0.50523
27	18	-0.25
27	24	0.80262
28	4	65
28	12	0.50299
28	18	-0.15
29	4	-1.2169
29	5	0.5
29	13	0.50144
29	18	-0.1
30	5	-0.80705
30	6	0.80705
30	14	0.5
30	17	-0.090593
30	33	0.75
30	34	-17613
30	37	-0.057965
30	39	0.10102
30	40	1.2242
31	1	-0.018824
31	2	-0.012261
31	3	-0.018306
31	6	-0.10937
31	15	0.5
31	17	-0.12001
31	81	0.5
31	83	1.008
32	7	-0.56918
32	16	0.5
32	17	-0.11327
33	8	-0.25
33	17	0.5
33	19	-0.5
33	30	0.75
33	42	0.25
34	9	-0.1806
34	18	0.5
34	20	-1.5811e+05
34	23	-6161.8
34	24	-0.5
34	30	-17613
34	41	9224.5
35	10	-0.16094
35	19	2.6492
35	21	0.0012265
35	83	0.5
36	11	-0.21812
36	20	540.43
36	21	-0.10251
37	11	-0.38402
37	12	0.5
37	21	0.072096
37	22	31.53
37	30	-0.057965
38	11	-0.071514
38	13	0.5
38	22	-9224.5
38	24	0.42267
38	40	-9224.5
38	41	-7797.8
39	11	-0.079695
39	14	0.5
39	23	0.5
39	30	0.10102
39	42	-0.44274
40	15	2.6412
40	24	5e-05
40	30	1.2242
40	38	-9224.5
40	42	0.40806
41	16	0.14434
41	34	9224.5
41	38	-7797.8
41	68	0.5
41	74	-0.000114
41	99	-0.13122
42	15	-0.3062
42	16	-0.10819
42	17	0.66439
42	33	0.25
42	39	-0.44274
42	40	0.40806
42	69	0.5
42	74	-0.0002095
42	100	-0.16081
43	7	0.018347
43	8	0.0080585
43	9	0.0058215
43	10	0.005188
43	12	-0.02428
43	13	-0.015463
43	14	-0.023062
43	17	-0.18473
43	70	0.5
43	74	-0.0007885
43	82	0.5
43	83	0.79809
43	101	-0.36324
44	71	150
44	72	-1.4259
44	86	0.5
45	58	54.934
45	72	0.5
45	73	-0.14351
46	59	95.692
46	73	0.14351
46	74	-0.0021705
46	99	-0.5
46	100	-0.5
46	101	-0.5
47	60	197.74
47	75	-0.56918
47	86	0.021001
47	123	0.47074
47	124	0.47074
47	125	0.47074
48	61	110.87
48	76	-0.16094
48	86	0.0059385
48	123	0.66555
49	62	193.5
49	77	-0.1806
49	86	0.0066635
49	124	0.49788
50	63	400.41
50	78	-0.25
50	86	0.0092245
50	125	0.41353
51	58	-0.5
51	61	1.25
51	64	0.5
51	79	-0.5
51	80	-9.62
51	81	-1.9015
51	82	-4.7405
52	59	-0.5
52	62	1.25
52	65	0.5
52	80	0.5
52	86	-0.000444
52	123	-0.049737
53	60	-0.5
53	63	1.25
53	66	0.5
53	81	0.5
53	86	-0.0006655
53	124	-0.049737
54	58	-1.65e-05
54	61	1.65e-05
54	67	0.50226
54	82	0.5
54	86	-0.0011095
54	125	-0.049737
55	59	-2.05e-05
55	62	2.05e-05
55	68	0.5013
55	83	0.58881
55	85	-1.5545
56	60	-4.25e-05
56	63	4.25e-05
56	69	0.50062
56	84	0.49597
56	85	-1.32
57	70	0.5
57	85	1.5961
57	86	-0.022307
57	123	-0.5
57	124	-0.5
57	125	-0.5
58	45	54.934
58	51	-0.5
58	54	-1.65e-05
58	71	0.5
59	46	95.692
59	52	-0.5
59	55	-2.05e-05
59	72	0.5
60	47	197.74
60	53	-0.5
60	56	-4.25e-05
60	64	-0.004585
60	65	-0.023221
60	66	-0.245
60	70	-0.01875
60	71	-0.062072
60	72	-0.14638
60	73	0.5
60	86	-1.3969
61	48	110.87
61	51	1.25
61	54	1.65e-05
61	67	-0.1
61	68	-0.15
61	69	-0.25
61	74	0.5
61	86	-4.2e-05
62	49	193.5
62	52	1.25
62	55	2.05e-05
62	73	-0.5
62	75	11.065
63	50	400.41
63	53	1.25
63	56	4.25e-05
63	74	-1.5811e+05
63	76	1247.1
64	51	0.5
64	60	-0.004585
64	75	0.47688
64	76	-0.51079
64	77	0.44391
65	52	0.5
65	60	-0.023221
65	77	0.52002
65	78	-65.927
66	53	0.5
66	60	-0.245
66	74	-8182.1
66	79	0.5
67	54	0.50226
67	61	-0.1
67	74	-0.5
67	78	0.0040285
67	80	0.0038225
68	41	0.5
68	55	0.5013
68	61	-0.15
69	42	0.5
69	56	0.50062
69	61	-0.25
70	43	0.5
70	57	0.5
70	60	-0.01875
71	44	150
71	58	0.5
71	60	-0.062072
72	44	-1.4259
72	45	0.5
72	59	0.5
72	60	-0.14638
73	45	-0.14351
73	46	0.14351
73	60	0.5
73	62	-0.5
73	73	0.18537
73	74	-2348.4
73	77	-1.32
73	79	0.050821
73	80	11.549
73	85	0.030895
74	41	-0.000114
74	42	-0.0002095
74	43	-0.0007885
74	46	-0.0021705
74	61	0.5
74	63	-1.5811e+05
74	66	-8182.1
74	67	-0.5
74	73	-2348.4
74	84	66.427
74	86	1.0078
75	47	-0.56918
75	62	11.065
75	64	0.47688
76	48	-0.16094
76	63	1247.1
76	64	-0.51079
77	49	-0.1806
77	64	0.44391
77	65	0.52002
77	73	-1.32
78	50	-0.25
78	65	-65.927
78	67	0.0040285
78	83	-65.927
78	84	-0.5312
78	86	0.5
79	51	-0.5
79	66	0.5
79	73	0.050821
79	85	-0.030895
80	51	-9.62
80	52	0.5
80	67	0.0038225
80	73	11.549
80	85	3.8498
81	31	0.5
81	51	-1.9015
81	53	0.5
81	244	0.5
82	43	0.5
82	51	-4.7405
82	54	0.5
83	1	0.5
83	17	-1.9251
83	18	-4.25e-05
83	31	1.008
83	35	0.5
83	43	0.79809
83	55	0.58881
83	78	-65.927
83	243	-0.39488
84	56	0.49597
84	74	66.427
84	78	-0.5312
84	388	0.44088
85	55	-1.5545
85	56	-1.32
85	57	1.5961
85	73	0.030895
85	79	-0.030895
85	80	3.8498
85	86	0.5
86	44	0.5
86	47	0.021001
86	48	0.0059385
86	49	0.0066635
86	50	0.0092245
86	52	-0.000444
86	53	-0.0006655
86	54	-0.0011095
86	57	-0.022307
86	60	-1.3969
86	61	-4.2e-05
86	74	1.0078
86	78	0.5
86	85	0.5
86	86	1.594
86	387	-0.48096
87	1	-0.17212
87	6	-0.5
87	333	3.159
87	385	0.0012125
87	386	0.015182
87	387	0.33652
87	388	0.72968
88	2	-0.18685
88	6	-0.5
88	96	0.0084485
88	97	0.017424
88	98	-0.03004
88	120	-0.27764
88	121	-0.23852
88	122	-0.092914
88	141	-0.5
88	142	-0.5
88	143	-0.5
88	185	-27.594
88	186	-47.838
88	187	-107.92
88	334	1.0508
88	389	0.5
88	438	0.5
88	439	0.5
88	440	0.5
88	441	0.5
88	442	0.5
88	443	0.5
88	450	-0.0009455
88	451	-0.0007655
88	452	-0.000507
88	455	1.25
88	456	13.032
88	458	0.5
88	459	-0.75
88	461	-4.8016
88	462	-4.7271
88	463	-4.7188
88	464	-24.148
88	472	0.4538
88	473	-2.188
88	474	-4.499
88	475	-4.441
88	476	0.5
89	3	-0.41847
89	6	-0.5
89	182	0.5
89	183	0.5
89	184	0.5
89	335	5.1082
89	391	0.5
89	455	-0.5
89	456	-13.032
89	458	-0.5
89	468	0.5
90	336	2.3858
90	388	-0.72968
90	422	-0.023807
90	427	-0.5
90	467	0.5
91	337	0.77228
91	423	-0.028732
91	427	-0.5
91	479	0.5
92	203	-0.5
92	204	-0.5
92	205	-0.5
92	209	0.5
92	210	0.5
92	211	0.5
92	338	3.7016
92	382	28.477
92	385	0.35292
92	424	-0.06478
92	427	-0.5
92	437	0.5
92	453	-0.32457
92	454	-1.65e-05
92	467	0.26904
92	469	0.5
92	479	0.041236
93	119	-0.5
93	122	-0.004061
93	203	-0.5
93	204	-0.5
93	205	-0.5
93	209	0.5
93	210	0.5
93	211	0.5
93	333	0.50406
93	383	5.7919
93	386	0.35292
93	437	0.5
93	453	-0.51077
93	454	-2.05e-05
93	467	-0.18151
93	470	0.5
93	479	0.034762
94	120	-0.5
94	123	-0.008375
94	203	-0.5
94	204	-0.5
94	205	-0.5
94	209	0.5
94	210	0.5
94	211	0.5
94	334	0.49162
94	384	0.16048
94	387	0.35292
94	437	0.5
94	453	-1.0245
94	454	-4.2e-05
94	467	0.45677
94	471	0.5
94	479	0.41988
95	121	-0.5
95	124	-0.014439
95	241	0.27542
95	242	0.22446
95	243	0.0001215
95	244	0.20264
95	335	0.48556
96	88	0.0084485
96	108	-0.033639
96	109	-0.078503
96	110	-0.048738
96	119	-0.5
96	122	-0.0084485
96	132	-0.1253
96	133	-0.14013
96	134	0.050424
96	245	-0.5
96	336	0.50845
96	395	0.5
96	396	0.5
96	397	0.5
96	398	0.5
96	399	0.5
96	400	0.5
96	407	-0.001432
96	408	-0.001158
96	409	-0.0007655
96	412	1.25
96	413	5.7939
96	415	0.5
96	416	-0.55061
96	418	-0.68222
96	419	-0.60941
96	420	-0.60543
96	421	-17.311
96	429	0.30157
96	430	-0.29982
96	431	-0.7017
96	432	-0.68519
96	433	0.5
97	88	0.017424
97	120	-0.5
97	123	-0.017424
97	246	0.5
97	337	0.48258
97	412	-0.5
97	413	-5.7939
97	415	-0.5
97	425	0.5
98	88	-0.03004
98	121	-0.5
98	124	-0.03004
98	244	-0.20264
98	338	0.46996
98	424	0.5
99	41	-0.13122
99	46	-0.5
99	339	138.38
99	436	0.5
100	42	-0.16081
100	46	-0.5
100	160	-0.42969
100	161	-0.38667
100	162	-0.39759
100	238	-0.5
100	241	0.5
100	340	96.095
100	394	0.5
100	410	-0.81183
100	411	-1.65e-05
100	424	1.786
100	426	0.5
100	436	0.46218
101	43	-0.36324
101	46	-0.5
101	160	-0.58591
101	161	-0.63868
101	162	-0.62525
101	239	-0.5
101	242	0.5
101	341	232.65
101	394	0.5
101	410	-1.2301
101	411	-2.05e-05
101	424	-1.0893
101	427	0.5
101	436	0.32549
102	160	-1.164
102	161	-1.2081
102	162	-1.2561
102	240	-0.5
102	243	0.5
102	342	201.32
102	384	-9.7269
102	389	-0.5
102	394	0.5
102	410	-2.3768
102	411	-4.25e-05
102	424	3.0836
102	428	0.5
102	436	1.6983
103	241	0.021868
103	242	0.28698
103	243	0.079174
103	244	0.093907
103	253	-0.022172
103	254	-0.29097
103	255	-0.080274
103	256	-0.5
103	343	121.98
103	385	-11.045
103	389	-0.5
104	135	-0.5
104	136	-0.5
104	137	-0.5
104	151	-31.34
104	152	-61.945
104	153	-232.18
104	245	0.5
104	248	-0.025823
104	249	-0.16209
104	344	347.21
104	386	-24.782
104	389	-0.5
105	125	-0.5
105	128	-0.056147
105	148	0.5
105	149	0.5
105	150	0.5
105	247	0.5
105	339	0.44385
106	126	-0.5
106	129	-0.13103
106	244	-0.093907
106	248	0.5
106	256	0.5
106	340	0.63103
107	127	-0.5
107	130	-0.08135
107	249	0.5
107	341	0.41865
108	96	-0.033639
108	125	-0.5
108	128	-0.033639
108	147	0.5
108	169	-0.5
108	170	-0.5
108	171	-0.5
108	175	0.5
108	176	0.5
108	177	0.5
108	238	4.8869
108	241	0.38803
108	248	3.6264
108	249	0.39021
108	253	-0.39342
108	342	0.46636
109	96	-0.078503
109	126	-0.5
109	129	-0.078503
109	147	0.5
109	169	-0.5
109	170	-0.5
109	171	-0.5
109	175	0.5
109	176	0.5
109	177	0.5
109	239	0.30349
109	242	0.38803
109	248	-1.1948
109	249	0.34247
109	254	-0.39342
109	343	0.5785
110	96	-0.048738
110	127	-0.5
110	130	-0.048738
110	147	0.5
110	169	-0.5
110	170	-0.5
110	171	-0.5
110	175	0.5
110	176	0.5
110	177	0.5
110	240	0.0005945
110	243	0.38803
110	248	5.7794
110	249	1.1013
110	255	-0.39342
110	344	0.45126
111	7	0.049658
111	8	0.043623
111	12	-0.13143
111	17	-0.5
111	345	1.0736
111	363	-0.085257
111	364	-0.21715
111	365	-0.13337
111	366	-1.3047
111	385	0.097823
111	386	0.24915
111	387	0.15303
111	388	0.2112
112	7	0.049658
112	9	0.05252
112	13	-0.13951
112	17	-0.5
112	215	0.5
112	216	0.5
112	217	0.5
112	218	0.5
112	219	0.5
112	220	0.5
112	227	-0.0009455
112	228	-0.0007655
112	229	-0.000507
112	232	1.25
112	233	8.3362
112	235	0.5
112	236	-0.75
112	346	0.91518
112	389	-0.5
112	392	-0.23106
112	393	-0.061748
113	7	0.049658
113	10	0.070208
113	14	-0.31209
113	17	-0.5
113	232	-0.5
113	233	-8.3362
113	235	-0.5
113	347	2.7097
113	368	-0.5
113	369	-0.5
113	390	0.5
114	348	0.79673
114	366	1.3047
114	388	-0.2112
114	392	0.5
114	428	0.060748
114	429	0.30278
114	433	-0.021621
114	438	-0.5
115	349	0.75968
115	393	0.5
115	428	0.060748
115	430	0.1679
115	434	-0.026087
115	438	-0.5
116	181	0.5
116	194	-0.29349
116	195	-0.25326
116	196	-0.257
116	230	-0.51834
116	231	-1.65e-05
116	350	2.9636
116	363	-0.43578
116	382	-0.5
116	385	0.5
116	392	1.32
116	393	0.27871
116	428	0.060748
116	431	0.053366
116	435	-0.058815
116	438	-0.5
117	131	-0.5
117	134	-0.23288
117	181	0.5
117	194	-0.40008
117	195	-0.4182
117	196	-0.40405
117	230	-0.81885
117	231	-2.05e-05
117	345	0.36655
117	364	-0.43578
117	383	-0.5
117	386	0.5
117	392	-0.88684
117	393	0.20377
118	132	-0.5
118	135	-0.2872
118	181	0.5
118	194	-0.79469
118	195	-0.79091
118	196	-0.81156
118	230	-1.6028
118	231	-4.2e-05
118	346	0.38535
118	365	-0.43578
118	384	-0.5
118	387	0.5
118	392	2.2338
118	393	1.1238
119	93	-0.5
119	96	-0.5
119	133	-0.5
119	136	-0.11461
119	248	-0.20211
119	262	-0.090939
119	284	-0.078173
119	306	-0.077285
119	328	-0.076089
119	347	0.45534
119	350	-0.045953
119	372	-0.0039355
120	88	-0.27764
120	94	-0.5
120	97	-0.5
120	131	-0.5
120	134	-0.4845
120	248	-0.90459
120	262	-1.5948
120	284	-1.6745
120	306	-1.6793
120	328	-1.6543
120	348	0.22236
120	350	-0.98394
120	372	-0.056668
121	88	-0.23852
121	95	-0.5
121	98	-0.5
121	132	-0.5
121	135	-0.59752
121	248	-1.2283
121	262	-2.0506
121	284	-2.1454
121	306	-2.1513
121	328	-2.1271
121	349	0.26148
121	350	-1.4762
121	372	-0.57868
122	88	-0.092914
122	93	-0.004061
122	96	-0.0084485
122	133	-0.5
122	136	-0.23845
122	248	-0.0022695
122	262	-0.0010855
122	284	-0.000937
122	306	-0.0009265
122	328	-0.0009125
122	350	0.40653
122	372	-5.25e-05
123	47	0.47074
123	48	0.66555
123	52	-0.049737
123	57	-0.5
123	94	-0.008375
123	97	-0.017424
123	248	-0.020948
123	262	-0.039253
123	284	-0.041397
123	306	-0.041528
123	328	-0.040913
123	350	-0.024433
123	351	4.3007
123	372	-0.001566
124	47	0.47074
124	49	0.49788
124	53	-0.049737
124	57	-0.5
124	95	-0.014439
124	98	-0.03004
124	248	-0.049041
124	262	-0.087014
124	284	-0.091442
124	306	-0.091718
124	328	-0.090695
124	350	-0.063199
124	352	3.0987
124	372	-0.027568
125	47	0.47074
125	50	0.41353
125	54	-0.049737
125	57	-0.5
125	105	-0.5
125	108	-0.5
125	264	-0.38181
125	286	-0.27066
125	308	-0.26454
125	330	-0.26416
125	352	-0.26483
125	353	18.835
125	374	-0.29951
125	392	-0.28734
126	106	-0.5
126	109	-0.5
126	264	-0.73399
126	286	-0.6449
126	308	-0.64
126	330	-0.63969
126	352	-0.64009
126	354	5.4777
126	374	-0.68007
126	390	0.46541
126	391	0.40885
126	392	-0.35746
126	395	-0.7941
126	400	-0.5
127	107	-0.5
127	110	-0.5
127	264	-0.0021855
127	286	-0.001977
127	308	-0.001966
127	330	-0.001974
127	352	-0.0023745
127	355	4.1432
127	374	-0.036228
127	390	0.46541
127	392	-0.39233
127	396	-0.89474
127	400	-0.5
128	105	-0.056147
128	108	-0.033639
128	264	-0.0273
128	286	-0.019439
128	308	-0.019005
128	330	-0.018979
128	352	-0.019104
128	356	17.546
128	374	-0.024043
128	390	0.46541
128	392	-0.02909
128	393	3.4034
128	397	-2.0064
128	400	-0.5
129	106	-0.13103
129	109	-0.078503
129	137	-0.5
129	140	-1.0091
129	264	-0.12248
129	286	-0.10809
129	308	-0.1073
129	330	-0.10726
129	351	0.29086
129	352	-0.10776
129	374	-0.1274
129	392	-0.084454
130	107	-0.08135
130	110	-0.048738
130	138	-0.5
130	141	-1.2813
130	264	-0.0002265
130	286	-0.0002055
130	308	-0.0002045
130	330	-0.0002055
130	352	0.26586
130	374	-0.0042135
130	392	-0.11752
131	117	-0.5
131	120	-0.5
131	139	-0.5
131	142	-0.46277
131	249	-0.034852
131	263	-0.0096215
131	285	-0.007919
131	307	-0.007809
131	329	-0.0077915
131	351	-0.0073595
131	353	0.58417
131	373	-0.00288
132	96	-0.1253
132	118	-0.5
132	121	-0.5
132	137	-0.5
132	140	-0.60458
132	249	-0.37086
132	263	-0.40117
132	285	-0.40329
132	307	-0.40341
132	329	-0.40275
132	351	-0.37463
132	354	0.3747
132	373	-0.098599
133	96	-0.14013
133	119	-0.5
133	122	-0.5
133	138	-0.5
133	141	-0.76767
133	249	-0.25638
133	263	-0.26261
133	285	-0.26307
133	307	-0.26311
133	329	-0.26365
133	351	-0.28616
133	355	0.35987
133	373	-0.51262
134	96	0.050424
134	117	-0.23288
134	120	-0.4845
134	139	-0.5
134	142	-0.27725
134	249	-0.022443
134	263	-0.006585
134	285	-0.0054435
134	307	-0.0053695
134	329	-0.0053585
134	351	-0.0050815
134	356	0.55042
134	373	-0.002213
135	104	-0.5
135	118	-0.2872
135	121	-0.59752
135	143	-0.71695
135	146	-0.5
135	249	-0.29452
135	263	-0.33861
135	285	-0.3419
135	307	-0.3421
135	329	-0.34158
135	351	-0.31902
135	357	0.21695
135	373	-0.093431
136	104	-0.5
136	119	-0.11461
136	122	-0.23845
136	144	-0.4716
136	147	-0.5
136	249	-0.081254
136	263	-0.088457
136	285	-0.089003
136	307	-0.089043
136	329	-0.089235
136	351	-0.097246
136	358	0.056878
136	373	-0.19385
137	104	-0.5
137	129	-0.5
137	132	-0.5
137	145	-0.29823
137	148	-0.5
137	265	-0.17136
137	287	-0.14557
137	309	-0.14385
137	331	-0.14374
137	353	-0.14412
137	359	0.20177
137	375	-0.15135
137	393	-0.08754
138	130	-0.5
138	133	-0.5
138	149	-0.5
138	265	-0.53117
138	287	-0.55925
138	309	-0.56113
138	331	-0.56126
138	353	-0.56164
138	357	1.1399
138	375	-0.55412
138	393	-0.17559
139	131	-0.5
139	134	-0.5
139	150	-0.5
139	265	-0.0012
139	287	-0.001301
139	309	-0.001308
139	331	-0.001314
139	353	-0.001581
139	358	0.30349
139	375	-0.022397
139	393	-0.29862
140	129	-1.0091
140	132	-0.60458
140	151	-0.5
140	265	-0.22022
140	287	-0.1879
140	309	-0.18573
140	331	-0.18562
140	353	-0.18686
140	359	0.0040025
140	375	-0.21836
140	393	-0.15928
141	88	-0.5
141	130	-1.2813
141	133	-0.76767
141	143	-1.0789
141	146	-0.5
141	265	-0.86676
141	287	-0.91662
141	309	-0.91996
141	331	-0.92027
141	353	-0.92464
141	360	0.57885
141	375	-1.0151
141	393	-0.40569
142	88	-0.5
142	131	-0.46277
142	134	-0.27725
142	144	-0.70966
142	147	-0.5
142	265	-0.000707
142	287	-0.00077
142	309	-0.0007745
142	331	-0.000778
142	353	-0.00094
142	361	0.20966
142	375	-0.014819
142	393	-0.24917
143	88	-0.5
143	135	-0.71695
143	141	-1.0789
143	145	-0.44877
143	148	-0.5
143	266	-0.76199
143	288	-0.76535
143	310	-0.76557
143	332	-0.76566
143	354	-0.76877
143	362	0.051233
143	376	-0.85546
144	136	-0.4716
144	142	-0.70966
144	152	-0.5
144	267	-0.50123
144	289	-0.50345
144	311	-0.50359
144	333	-0.50365
144	355	-0.50569
144	360	2.0211
144	377	-0.56272
145	137	-0.29823
145	143	-0.44877
145	153	-0.5
145	268	-0.31696
145	290	-0.31836
145	312	-0.31845
145	334	-0.31849
145	356	-0.31978
145	361	1.2248
145	378	-0.35585
146	135	-0.5
146	141	-0.5
146	154	-0.5
146	266	-0.5
146	288	-0.5
146	310	-0.5
146	332	-0.5
146	354	-0.5
146	362	0.18238
146	376	-0.5
147	108	0.5
147	109	0.5
147	110	0.5
147	136	-0.5
147	142	-0.5
147	267	-0.5
147	289	-0.5
147	311	-0.5
147	333	-0.5
147	355	-0.5
147	377	-0.5
148	105	0.5
148	137	-0.5
148	143	-0.5
148	149	0.5
148	178	-0.5
148	181	0.51332
148	184	-0.5
148	268	-0.5
148	290	-0.5
148	312	-0.5
148	334	-0.5
148	356	-0.5
148	378	-0.5
149	105	0.5
149	138	-0.5
149	148	0.5
149	150	0.82375
149	179	-0.5
149	182	0.53686
149	185	-0.5
149	238	0.27542
150	105	0.5
150	139	-0.5
150	149	0.82375
150	151	420.68
150	180	-0.5
150	183	0.60407
150	186	-0.5
150	239	0.3698
151	104	-31.34
151	140	-0.5
151	150	420.68
151	240	0.10202
151	363	86.287
152	104	-61.945
152	144	-0.5
152	182	0.5
152	364	80.792
152	382	0.097823
153	104	-232.18
153	145	-0.5
153	183	0.5
153	365	72.657
153	383	0.24915
154	146	-0.5
154	184	1.0578
154	363	7.4588
154	384	0.47677
155	185	-0.5
155	364	6.0469
155	395	33.112
155	401	-0.5
155	404	-1.65e-05
156	186	-0.5
156	365	2.87
156	396	57.531
156	402	-0.5
156	405	-2.05e-05
157	171	-0.5
157	175	0.00407
157	366	0.002251
157	397	118.67
157	403	-0.5
157	406	-4.25e-05
158	174	-0.49593
158	366	0.47632
158	367	0.47244
158	398	66.622
158	401	1.25
158	404	1.65e-05
159	366	-0.5
159	368	0.50407
159	399	116.13
159	402	1.25
159	405	2.05e-05
160	100	-0.42969
160	101	-0.58591
160	102	-1.164
160	161	-0.23669
160	167	-0.26303
160	168	-0.0002825
160	369	0.5
160	400	240.09
160	403	1.25
160	406	4.25e-05
161	100	-0.38667
161	101	-0.63868
161	102	-1.2081
161	160	-0.23669
161	162	-0.28672
161	167	-0.21299
161	169	-0.000293
161	370	0.5
161	401	0.5
161	410	-0.10584
162	100	-0.39759
162	101	-0.62525
162	102	-1.2561
162	161	-0.28672
162	163	-0.0003045
162	168	-0.21901
162	169	-0.28069
162	371	0.5
162	402	0.5
162	410	-0.15834
163	162	-0.0003045
163	164	-2287.5
163	170	-0.5
163	171	2062
163	174	-8.9612
163	176	-0.54566
163	367	9.941
163	368	49.414
163	369	0.9006
163	372	9.941
163	403	0.5
164	163	-2287.5
164	165	-1840.7
164	170	-0.5
164	171	2062
164	174	-8.9612
164	176	-0.8147
164	367	7.9993
164	368	73.778
164	370	1.0981
164	373	7.9993
164	404	0.50378
164	411	-0.27542
165	164	-1840.7
165	166	-893.91
165	170	-0.5
165	171	2062
165	174	-8.9612
165	176	-0.72243
165	367	3.8847
165	368	65.422
165	371	1.0304
165	374	3.8847
165	405	0.50216
165	411	-0.22446
166	165	-893.91
166	181	-0.5
166	372	0.48702
166	406	0.50104
166	411	-0.0001215
167	160	-0.26303
167	161	-0.21299
167	182	-0.5
167	373	0.46567
167	407	0.5
167	410	-0.23524
168	160	-0.0002825
168	162	-0.21901
168	183	-0.5
168	374	0.41386
168	408	0.5
168	410	-0.0002525
169	108	-0.5
169	109	-0.5
169	110	-0.5
169	161	-0.000293
169	162	-0.28069
169	375	-0.5
169	409	0.5
169	410	-0.0003235
170	108	-0.5
170	109	-0.5
170	110	-0.5
170	163	-0.5
170	164	-0.5
170	165	-0.5
170	376	-0.5
170	410	0.5
170	412	-0.5
170	423	0.030722
170	435	0.01024
171	108	-0.5
171	109	-0.5
171	110	-0.5
171	157	-0.5
171	163	2062
171	164	2062
171	165	2062
171	377	-0.5
171	411	0.5
171	413	-1.5811e+05
171	416	-10017
171	417	-0.5
171	423	-1312.8
171	434	111.06
172	375	-0.5
172	378	0.5
172	412	9.3686
172	414	0.47244
173	376	-0.5
173	379	0.5
173	413	747.18
173	414	-0.51039
174	158	-0.49593
174	163	-8.9612
174	164	-8.9612
174	165	-8.9612
174	377	-0.5
174	380	0.5
174	414	0.43141
174	415	0.52486
174	423	-0.36707
175	108	0.5
175	109	0.5
175	110	0.5
175	157	0.00407
175	375	0.028179
175	376	0.3698
175	377	0.10202
175	378	-0.5
175	381	0.5
175	415	-111.06
175	417	0.00407
175	433	-111.06
175	434	-0.90405
176	108	0.5
176	109	0.5
176	110	0.5
176	163	-0.54566
176	164	-0.8147
176	165	-0.72243
176	375	0.028179
176	376	0.3698
176	377	0.10202
176	379	-0.5
176	382	0.5
176	416	0.5
176	423	0.023682
176	435	-0.013949
177	108	0.5
177	109	0.5
177	110	0.5
177	375	0.028179
177	376	0.3698
177	377	0.10202
177	380	-0.5
177	383	0.5
177	417	0.0022695
177	423	3.7896
177	435	1.2632
178	148	-0.5
178	178	-1
178	381	0.5
179	149	-0.5
179	179	-1
179	382	0.5
180	150	-0.5
180	180	-1
180	383	0.5
181	116	0.5
181	117	0.5
181	118	0.5
181	148	0.51332
181	166	-0.5
182	89	0.5
182	149	0.53686
182	152	0.5
182	167	-0.5
182	210	-0.5
182	213	0.5
182	216	-0.5
183	89	0.5
183	150	0.60407
183	153	0.5
183	168	-0.5
183	211	-0.5
183	214	0.51134
183	217	-0.5
184	89	0.5
184	148	-0.5
184	154	1.0578
184	212	-0.5
184	215	0.54571
184	218	-0.5
185	88	-27.594
185	149	-0.5
185	155	-0.5
185	401	131.65
186	88	-47.838
186	150	-0.5
186	156	-0.5
186	402	126.16
187	88	-107.92
187	215	49.575
187	221	-0.5
187	224	-1.65e-05
187	403	118.02
188	216	85.82
188	222	-0.5
188	225	-2.05e-05
188	401	8.3551
189	217	177.82
189	223	-0.5
189	226	-4.25e-05
189	402	7.5457
190	218	99.5
190	221	1.25
190	224	1.65e-05
190	403	5.7201
191	203	-0.5
191	207	0.0038525
191	219	174.5
191	222	1.25
191	225	2.05e-05
191	404	0.0034215
192	206	-0.49615
192	220	361.03
192	223	1.25
192	226	4.25e-05
192	404	0.48114
192	405	0.47743
193	194	-0.057419
193	221	0.5
193	230	-0.005823
193	404	-0.5
193	406	0.50385
194	116	-0.29349
194	117	-0.40008
194	118	-0.79469
194	193	-0.057419
194	195	-0.20839
194	199	-0.19936
194	200	-0.24322
194	222	0.5
194	230	-0.085031
194	407	0.5
195	116	-0.25326
195	117	-0.4182
195	118	-0.79091
195	194	-0.20839
195	196	-0.24838
195	199	-0.049549
195	201	-0.24206
195	223	0.5
195	230	-0.12184
195	408	0.5
196	116	-0.257
196	117	-0.40405
196	118	-0.81156
196	195	-0.24838
196	197	-2638.4
196	200	-0.05028
196	201	-0.20134
196	224	0.50251
196	231	-0.097823
196	409	0.5
197	196	-2638.4
197	198	-2120.8
197	202	-0.5
197	203	1648.8
197	206	-10.949
197	208	-0.32945
197	225	0.50144
197	231	-0.24915
197	405	17.521
197	406	42.923
197	407	0.82945
197	410	17.521
198	197	-2120.8
198	199	-1029.1
198	202	-0.5
198	203	1648.8
198	206	-10.949
198	208	-0.55325
198	226	0.50069
198	231	-0.15303
198	405	14.084
198	406	72.081
198	408	1.0532
198	411	14.084
199	194	-0.19936
199	195	-0.049549
199	198	-1029.1
199	202	-0.5
199	203	1648.8
199	206	-10.949
199	208	-0.50045
199	227	0.5
199	230	-0.040435
199	405	6.8343
199	406	65.203
199	409	1.0005
199	412	6.8343
200	194	-0.24322
200	196	-0.05028
200	213	-0.5
200	228	0.5
200	230	-0.04933
200	410	0.5
201	195	-0.24206
201	196	-0.20134
201	214	-0.5
201	229	0.5
201	230	-0.19754
201	411	0.48891
202	197	-0.5
202	198	-0.5
202	199	-0.5
202	215	-0.5
202	230	0.5
202	232	-0.5
202	412	0.45812
203	92	-0.5
203	93	-0.5
203	94	-0.5
203	191	-0.5
203	197	1648.8
203	198	1648.8
203	199	1648.8
203	231	0.5
203	233	-1.5811e+05
203	236	-9483.3
203	237	-0.5
203	413	-0.5
204	92	-0.5
204	93	-0.5
204	94	-0.5
204	232	11.335
204	234	0.47743
204	414	-0.5
205	92	-0.5
205	93	-0.5
205	94	-0.5
205	233	1124.4
205	234	-0.51033
205	415	-0.5
206	192	-0.49615
206	197	-10.949
206	198	-10.949
206	199	-10.949
206	234	0.445
206	235	0.5196
206	413	-0.5
206	416	0.5
207	191	0.0038525
207	235	-73.068
207	237	0.0038525
207	414	-0.5
207	417	0.5
208	197	-0.32945
208	198	-0.55325
208	199	-0.50045
208	236	0.5
208	415	-0.5
208	418	0.5
209	92	0.5
209	93	0.5
209	94	0.5
209	237	0.003448
209	413	0.0017175
209	414	0.021508
209	415	0.47677
209	416	-0.5
209	419	0.5
210	92	0.5
210	93	0.5
210	94	0.5
210	182	-0.5
210	212	-0.5
210	413	0.0017175
210	414	0.021508
210	415	0.47677
210	417	-0.5
210	420	0.5
211	92	0.5
211	93	0.5
211	94	0.5
211	183	-0.5
211	213	-0.5
211	413	0.0017175
211	414	0.021508
211	415	0.47677
211	418	-0.5
211	421	0.5
212	184	-0.5
212	210	-0.5
212	214	-0.5
212	419	0.5
213	182	0.5
213	200	-0.5
213	211	-0.5
213	420	0.5
214	183	0.51134
214	201	-0.5
214	212	-0.5
214	421	0.5
215	112	0.5
215	184	0.54571
215	187	49.575
215	202	-0.5
216	112	0.5
216	182	-0.5
216	188	85.82
217	112	0.5
217	183	-0.5
217	189	177.82
218	112	0.5
218	184	-0.5
218	190	99.5
219	112	0.5
219	191	174.5
219	241	-0.099848
219	242	-0.39298
219	243	-0.0003205
219	244	0.20345
219	253	0.10124
219	254	0.39844
219	255	0.000325
219	256	-1.0833
220	112	0.5
220	192	361.03
220	257	-0.5
220	264	-0.15001
220	265	-0.20373
221	187	-0.5
221	190	1.25
221	193	0.5
221	246	-0.5
221	247	-0.5
221	258	0.5
222	188	-0.5
222	191	1.25
222	194	0.5
222	244	0.20345
222	256	-1.0833
222	264	0.5
223	189	-0.5
223	192	1.25
223	195	0.5
223	265	0.5
224	187	-1.65e-05
224	190	1.65e-05
224	196	0.50251
224	241	-0.49315
224	250	-0.5
224	253	0.5
224	261	0.5
224	264	1.7509
224	265	0.62094
225	188	-2.05e-05
225	191	2.05e-05
225	197	0.50144
225	242	-0.49315
225	251	-0.5
225	254	0.5
225	261	0.5
225	264	-1.0748
225	265	0.46801
226	189	-4.25e-05
226	192	4.25e-05
226	198	0.50069
226	243	-0.49315
226	252	-0.5
226	255	0.5
226	261	0.5
226	264	3.013
226	265	2.0434
227	112	-0.0009455
227	199	0.5
227	253	0.0059775
227	254	0.30738
227	255	0.080298
227	256	0.29959
227	275	-0.005975
227	276	-0.30723
227	277	-0.08026
227	278	-0.5
228	112	-0.0007655
228	200	0.5
228	257	0.5
228	262	-0.046676
228	263	-0.17341
228	266	-0.5
228	267	-0.5
228	268	-0.5
229	112	-0.000507
229	201	0.5
229	259	0.5
230	116	-0.51834
230	117	-0.81885
230	118	-1.6028
230	193	-0.005823
230	194	-0.085031
230	195	-0.12184
230	199	-0.040435
230	200	-0.04933
230	201	-0.19754
230	202	0.5
230	256	-0.29959
230	262	0.5
230	278	0.5
231	116	-1.65e-05
231	117	-2.05e-05
231	118	-4.2e-05
231	196	-0.097823
231	197	-0.24915
231	198	-0.15303
231	203	0.5
231	263	0.5
232	112	1.25
232	113	-0.5
232	202	-0.5
232	204	11.335
232	250	6.6667
232	253	0.39365
232	260	0.5
232	262	6.0601
232	263	0.38513
232	275	-0.39347
233	112	8.3362
233	113	-8.3362
233	203	-1.5811e+05
233	205	1124.4
233	251	0.51028
233	254	0.39365
233	260	0.5
233	262	-1.9922
233	263	0.34067
233	276	-0.39347
234	204	0.47743
234	205	-0.51033
234	206	0.445
234	252	0.0015935
234	255	0.39365
234	260	0.5
234	262	9.6261
234	263	1.1185
234	277	-0.39347
235	112	0.5
235	113	-0.5
235	206	0.5196
235	207	-73.068
235	253	-0.085041
235	254	-0.41485
235	255	-0.0003485
235	256	1.2837
235	275	0.085001
235	276	0.41465
235	277	0.0003485
235	278	-2.1424
236	112	-0.75
236	203	-9483.3
236	208	0.5
236	279	-0.5
236	286	-0.12773
236	287	-0.20612
237	203	-0.5
237	207	0.0038525
237	209	0.003448
237	258	-0.5
237	259	-0.5
237	280	0.5
238	100	-0.5
238	108	4.8869
238	149	0.27542
238	256	1.2837
238	278	-2.1424
238	286	0.5
239	101	-0.5
239	109	0.30349
239	150	0.3698
239	287	0.5
240	102	-0.5
240	110	0.0005945
240	151	0.10202
240	253	-0.50024
240	272	-0.5
240	275	0.5
240	283	0.5
240	286	1.4778
240	287	0.62721
241	95	0.27542
241	100	0.5
241	103	0.021868
241	108	0.38803
241	219	-0.099848
241	224	-0.49315
241	254	-0.50024
241	273	-0.5
241	276	0.5
241	283	0.5
241	286	-0.90798
241	287	0.47261
242	95	0.22446
242	101	0.5
242	103	0.28698
242	109	0.38803
242	219	-0.39298
242	225	-0.49315
242	255	-0.50024
242	274	-0.5
242	277	0.5
242	283	0.5
242	286	2.5425
242	287	2.0682
243	83	-0.39488
243	95	0.0001215
243	102	0.5
243	103	0.079174
243	110	0.38803
243	219	-0.0003205
243	226	-0.49315
243	250	0.10124
243	269	-0.5
244	81	0.5
244	95	0.20264
244	98	-0.20264
244	103	0.093907
244	106	-0.093907
244	219	0.20345
244	222	0.20345
244	251	0.39844
244	270	-0.5
245	96	-0.5
245	104	0.5
245	252	0.10199
245	271	-0.5
246	97	0.5
246	221	-0.5
246	275	0.004909
246	276	0.30832
246	278	0.4779
246	297	-0.004909
246	298	-0.3083
246	299	-0.080257
246	300	-0.5
247	105	0.5
247	221	-0.5
247	279	0.5
247	284	-0.049109
247	285	-0.17428
247	288	-0.5
247	289	-0.5
247	290	-0.5
248	104	-0.025823
248	106	0.5
248	108	3.6264
248	109	-1.1948
248	110	5.7794
248	119	-0.20211
248	120	-0.90459
248	121	-1.2283
248	122	-0.0022695
248	123	-0.020948
248	124	-0.049041
248	281	0.5
249	104	-0.16209
249	107	0.5
249	108	0.39021
249	109	0.34247
249	110	1.1013
249	131	-0.034852
249	132	-0.37086
249	133	-0.25638
249	134	-0.022443
249	135	-0.29452
249	136	-0.081254
249	278	-0.4779
249	284	0.5
249	300	0.5
250	224	-0.5
250	232	6.6667
250	243	0.10124
250	285	0.5
251	225	-0.5
251	233	0.51028
251	244	0.39844
251	272	6.8134
251	275	0.39349
251	282	0.5
251	284	6.3412
251	285	0.38471
251	297	-0.39347
252	226	-0.5
252	234	0.0015935
252	245	0.10199
252	273	0.52919
252	276	0.39349
252	282	0.5
252	284	-2.0842
252	285	0.34051
252	298	-0.39347
253	103	-0.022172
253	108	-0.39342
253	219	0.10124
253	224	0.5
253	227	0.0059775
253	232	0.39365
253	235	-0.085041
253	240	-0.50024
253	274	0.001708
253	277	0.39349
253	282	0.5
253	284	10.07
253	285	1.1197
253	299	-0.39347
254	103	-0.29097
254	109	-0.39342
254	219	0.39844
254	225	0.5
254	227	0.30738
254	233	0.39365
254	235	-0.41485
254	241	-0.50024
254	275	-0.083935
254	276	-0.41574
254	277	-0.00035
254	278	2.1645
254	297	0.083931
254	298	0.41572
254	299	0.00035
254	300	-2.2646
255	103	-0.080274
255	110	-0.39342
255	219	0.000325
255	226	0.5
255	227	0.080298
255	234	0.39365
255	235	-0.0003485
255	242	-0.50024
255	301	-0.5
255	308	-0.12651
255	309	-0.20628
256	103	-0.5
256	106	0.5
256	219	-1.0833
256	222	-1.0833
256	227	0.29959
256	230	-0.29959
256	235	1.2837
256	238	1.2837
256	280	-0.5
256	281	-0.5
256	302	0.5
257	220	-0.5
257	228	0.5
257	278	2.1645
257	300	-2.2646
257	308	0.5
258	221	0.5
258	237	-0.5
258	309	0.5
259	229	0.5
259	237	-0.5
259	275	-0.50003
259	294	-0.5
259	297	0.5
259	305	0.5
259	308	1.4627
259	309	0.62762
260	232	0.5
260	233	0.5
260	234	0.5
260	276	-0.50003
260	295	-0.5
260	298	0.5
260	305	0.5
260	308	-0.8988
260	309	0.47291
261	224	0.5
261	225	0.5
261	226	0.5
261	277	-0.50003
261	296	-0.5
261	299	0.5
261	305	0.5
261	308	2.5166
261	309	2.0699
262	119	-0.090939
262	120	-1.5948
262	121	-2.0506
262	122	-0.0010855
262	123	-0.039253
262	124	-0.087014
262	228	-0.046676
262	230	0.5
262	232	6.0601
262	233	-1.9922
262	234	9.6261
262	272	0.085001
262	291	-0.5
263	131	-0.0096215
263	132	-0.40117
263	133	-0.26261
263	134	-0.006585
263	135	-0.33861
263	136	-0.088457
263	228	-0.17341
263	231	0.5
263	232	0.38513
263	233	0.34067
263	234	1.1185
263	273	0.41465
263	292	-0.5
264	125	-0.38181
264	126	-0.73399
264	127	-0.0021855
264	128	-0.0273
264	129	-0.12248
264	130	-0.0002265
264	220	-0.15001
264	222	0.5
264	224	1.7509
264	225	-1.0748
264	226	3.013
264	274	0.10199
264	293	-0.5
265	137	-0.17136
265	138	-0.53117
265	139	-0.0012
265	140	-0.22022
265	141	-0.86676
265	142	-0.000707
265	220	-0.20373
265	223	0.5
265	224	0.62094
265	225	0.46801
265	226	2.0434
265	297	0.00484
265	298	0.30836
265	299	0.080259
265	300	0.49865
265	319	-0.00484
265	320	-0.30837
265	321	-0.080261
265	322	-0.5
266	143	-0.76199
266	146	-0.5
266	228	-0.5
266	301	0.5
266	306	-0.049265
266	307	-0.17434
266	310	-0.5
266	311	-0.5
266	312	-0.5
266	462	0.26199
267	144	-0.50123
267	147	-0.5
267	228	-0.5
267	303	0.5
267	463	0.060452
268	145	-0.31696
268	148	-0.5
268	228	-0.5
268	300	-0.49865
268	306	0.5
268	322	0.5
268	464	0.18304
269	243	-0.5
269	307	0.5
269	462	1.2951
270	244	-0.5
270	294	6.823
270	297	0.39345
270	304	0.5
270	306	6.3581
270	307	0.38468
270	319	-0.39347
270	463	0.5
271	245	-0.5
271	295	0.53045
271	298	0.39345
271	304	0.5
271	306	-2.0898
271	307	0.3405
271	320	-0.39347
271	464	0.0091615
272	240	-0.5
272	251	6.8134
272	262	0.085001
272	296	0.0017155
272	299	0.39345
272	304	0.5
272	306	10.097
272	307	1.1198
272	321	-0.39347
273	241	-0.5
273	252	0.52919
273	263	0.41465
273	297	-0.083862
273	298	-0.41577
273	299	-0.0003515
273	300	2.266
273	319	0.083864
273	320	0.41578
273	321	0.0003515
273	322	-2.2721
274	242	-0.5
274	253	0.001708
274	264	0.10199
274	323	-0.5
274	330	-0.12644
274	331	-0.20631
275	227	-0.005975
275	232	-0.39347
275	235	0.085001
275	240	0.5
275	246	0.004909
275	251	0.39349
275	254	-0.083935
275	259	-0.50003
275	302	-0.5
275	303	-0.5
275	324	0.5
276	227	-0.30723
276	233	-0.39347
276	235	0.41465
276	241	0.5
276	246	0.30832
276	252	0.39349
276	254	-0.41574
276	260	-0.50003
276	300	2.266
276	322	-2.2721
276	330	0.5
277	227	-0.08026
277	234	-0.39347
277	235	0.0003485
277	242	0.5
277	253	0.39349
277	254	-0.00035
277	261	-0.50003
277	331	0.5
278	227	-0.5
278	230	0.5
278	235	-2.1424
278	238	-2.1424
278	246	0.4779
278	249	-0.4779
278	254	2.1645
278	257	2.1645
278	297	-0.49998
278	316	-0.5
278	319	0.5
278	327	0.5
278	330	1.4618
278	331	0.62765
279	236	-0.5
279	247	0.5
279	298	-0.49998
279	317	-0.5
279	320	0.5
279	327	0.5
279	330	-0.89824
279	331	0.47293
280	237	0.5
280	256	-0.5
280	299	-0.49998
280	318	-0.5
280	321	0.5
280	327	0.5
280	330	2.515
280	331	2.0701
281	248	0.5
281	256	-0.5
281	294	0.083931
281	313	-0.5
282	251	0.5
282	252	0.5
282	253	0.5
282	295	0.41572
282	314	-0.5
283	240	0.5
283	241	0.5
283	242	0.5
283	296	0.10199
283	315	-0.5
284	119	-0.078173
284	120	-1.6745
284	121	-2.1454
284	122	-0.000937
284	123	-0.041397
284	124	-0.091442
284	247	-0.049109
284	249	0.5
284	251	6.3412
284	252	-2.0842
284	253	10.07
284	319	0.0048235
284	320	0.3075
284	321	0.080332
284	322	0.50614
284	341	-0.0048315
284	342	-0.308
284	343	-0.080463
284	344	-0.5
285	131	-0.007919
285	132	-0.40329
285	133	-0.26307
285	134	-0.0054435
285	135	-0.3419
285	136	-0.089003
285	247	-0.17428
285	250	0.5
285	251	0.38471
285	252	0.34051
285	253	1.1197
285	323	0.5
285	328	-0.04887
285	329	-0.17419
285	332	-0.5
285	333	-0.5
285	334	-0.5
286	125	-0.27066
286	126	-0.6449
286	127	-0.001977
286	128	-0.019439
286	129	-0.10809
286	130	-0.0002055
286	236	-0.12773
286	238	0.5
286	240	1.4778
286	241	-0.90798
286	242	2.5425
286	325	0.5
287	137	-0.14557
287	138	-0.55925
287	139	-0.001301
287	140	-0.1879
287	141	-0.91662
287	142	-0.00077
287	236	-0.20612
287	239	0.5
287	240	0.62721
287	241	0.47261
287	242	2.0682
287	322	-0.50614
287	328	0.5
287	344	0.5
288	143	-0.76535
288	146	-0.5
288	247	-0.5
288	329	0.5
288	465	0.26535
289	144	-0.50345
289	147	-0.5
289	247	-0.5
289	316	6.8267
289	319	0.39265
289	326	0.5
289	328	6.268
289	329	0.38431
289	341	-0.39329
289	466	0.060719
290	145	-0.31836
290	148	-0.5
290	247	-0.5
290	317	0.53093
290	320	0.39265
290	326	0.5
290	328	-2.0602
290	329	0.34017
290	342	-0.39329
290	467	0.18164
291	262	-0.5
291	318	0.0017185
291	321	0.39265
291	326	0.5
291	328	9.9536
291	329	1.1187
291	343	-0.39329
291	465	1.306
292	263	-0.5
292	319	-0.083848
292	320	-0.41492
292	321	-0.000422
292	322	2.266
292	341	0.083985
292	342	0.41559
292	343	0.0004225
292	344	-2.2385
292	466	0.5
293	264	-0.5
293	345	-0.5
293	352	-0.12711
293	353	-0.20734
293	467	0.0096995
294	259	-0.5
294	270	6.823
294	281	0.083931
294	324	-0.5
294	325	-0.5
294	346	0.5
295	260	-0.5
295	271	0.53045
295	282	0.41572
295	322	2.266
295	344	-2.2385
295	352	0.5
296	261	-0.5
296	272	0.0017155
296	283	0.10199
296	353	0.5
297	246	-0.004909
297	251	-0.39347
297	254	0.083931
297	259	0.5
297	265	0.00484
297	270	0.39345
297	273	-0.083862
297	278	-0.49998
297	319	-0.49919
297	338	-0.5
297	341	0.5
297	349	0.5
297	352	1.4629
297	353	0.62744
298	246	-0.3083
298	252	-0.39347
298	254	0.41572
298	260	0.5
298	265	0.30836
298	271	0.39345
298	273	-0.41577
298	279	-0.49998
298	320	-0.49919
298	339	-0.5
298	342	0.5
298	349	0.5
298	352	-0.89974
298	353	0.47265
299	246	-0.080257
299	253	-0.39347
299	254	0.00035
299	261	0.5
299	265	0.080259
299	272	0.39345
299	273	-0.0003515
299	280	-0.49998
299	321	-0.49919
299	340	-0.5
299	343	0.5
299	349	0.5
299	352	2.5165
299	353	2.0733
300	246	-0.5
300	249	0.5
300	254	-2.2646
300	257	-2.2646
300	265	0.49865
300	268	-0.49865
300	273	2.266
300	276	2.266
300	316	0.083864
300	335	-0.5
301	255	-0.5
301	266	0.5
301	317	0.41578
301	336	-0.5
302	256	0.5
302	275	-0.5
302	318	0.10229
302	337	-0.5
303	267	0.5
303	275	-0.5
303	341	0.004479
303	342	0.2812
303	343	0.085716
303	344	0.76749
303	363	-0.004684
303	364	-0.29408
303	365	-0.089642
303	366	-0.5
304	270	0.5
304	271	0.5
304	272	0.5
304	345	0.5
304	350	-0.038213
304	351	-0.16815
304	354	-0.5
304	355	-0.5
304	356	-0.5
305	259	0.5
305	260	0.5
305	261	0.5
305	347	0.5
306	119	-0.077285
306	120	-1.6793
306	121	-2.1513
306	122	-0.0009265
306	123	-0.041528
306	124	-0.091718
306	266	-0.049265
306	268	0.5
306	270	6.3581
306	271	-2.0898
306	272	10.097
306	344	-0.76749
306	350	0.5
306	366	0.5
307	131	-0.007809
307	132	-0.40341
307	133	-0.26311
307	134	-0.0053695
307	135	-0.3421
307	136	-0.089043
307	266	-0.17434
307	269	0.5
307	270	0.38468
307	271	0.3405
307	272	1.1198
307	351	0.5
308	125	-0.26454
308	126	-0.64
308	127	-0.001966
308	128	-0.019005
308	129	-0.1073
308	130	-0.0002045
308	255	-0.12651
308	257	0.5
308	259	1.4627
308	260	-0.8988
308	261	2.5166
308	338	6.9638
308	341	0.37139
308	348	0.5
308	350	3.8562
308	351	0.36877
308	363	-0.38841
309	137	-0.14385
309	138	-0.56113
309	139	-0.001308
309	140	-0.18573
309	141	-0.91996
309	142	-0.0007745
309	255	-0.20628
309	258	0.5
309	259	0.62762
309	260	0.47291
309	261	2.0699
309	339	0.5489
309	342	0.37139
309	348	0.5
309	350	-1.2673
309	351	0.3266
309	364	-0.38841
310	143	-0.76557
310	146	-0.5
310	266	-0.5
310	340	0.0018305
310	343	0.37139
310	348	0.5
310	350	6.1222
310	351	1.0757
310	365	-0.38841
310	468	0.26557
311	144	-0.50359
311	147	-0.5
311	266	-0.5
311	341	-0.083632
311	342	-0.38879
311	343	-0.0056755
311	344	1.971
311	363	0.087463
311	364	0.4066
311	365	0.0059355
311	366	-1.284
311	469	0.060736
312	145	-0.31845
312	148	-0.5
312	266	-0.5
312	367	-0.5
312	374	-0.15566
312	375	-0.22786
312	470	0.18155
313	281	-0.5
313	346	-0.5
313	347	-0.5
313	368	0.5
313	468	1.3067
314	282	-0.5
314	344	1.971
314	366	-1.284
314	374	0.5
314	469	0.5
315	283	-0.5
315	375	0.5
315	470	0.009735
316	278	-0.5
316	289	6.8267
316	300	0.083864
316	341	-0.4781
316	360	-0.5
316	363	0.5
316	371	0.5
316	374	1.5747
316	375	0.6065
317	279	-0.5
317	290	0.53093
317	301	0.41578
317	342	-0.4781
317	361	-0.5
317	364	0.5
317	371	0.5
317	374	-0.99296
317	375	0.45353
318	280	-0.5
318	291	0.0017185
318	302	0.10229
318	343	-0.4781
318	362	-0.5
318	365	0.5
318	371	0.5
318	374	2.6968
318	375	2.1137
319	265	-0.00484
319	270	-0.39347
319	273	0.083864
319	278	0.5
319	284	0.0048235
319	289	0.39265
319	292	-0.083848
319	297	-0.49919
319	338	0.083985
319	357	-0.5
320	265	-0.30837
320	271	-0.39347
320	273	0.41578
320	279	0.5
320	284	0.3075
320	290	0.39265
320	292	-0.41492
320	298	-0.49919
320	339	0.41559
320	358	-0.5
321	265	-0.080261
321	272	-0.39347
321	273	0.0003515
321	280	0.5
321	284	0.080332
321	291	0.39265
321	292	-0.000422
321	299	-0.49919
321	340	0.1154
321	359	-0.5
322	265	-0.5
322	268	0.5
322	273	-2.2721
322	276	-2.2721
322	284	0.50614
322	287	-0.50614
322	292	2.266
322	295	2.266
322	363	0.002478
322	364	0.10463
322	365	0.21708
322	366	3.0887
322	385	-0.002843
322	386	-0.12004
322	387	-0.24907
322	388	-0.5
323	274	-0.5
323	285	0.5
323	367	0.5
323	372	-0.02595
323	373	-0.1141
323	376	-0.5
323	377	-0.5
323	378	-0.5
324	275	0.5
324	294	-0.5
324	369	0.5
325	286	0.5
325	294	-0.5
325	366	-3.0887
325	372	0.5
325	388	0.5
326	289	0.5
326	290	0.5
326	291	0.5
326	373	0.5
327	278	0.5
327	279	0.5
327	280	0.5
327	360	11.442
327	363	0.32418
327	370	0.5
327	372	0.52172
327	373	0.21088
327	385	-0.37196
328	119	-0.076089
328	120	-1.6543
328	121	-2.1271
328	122	-0.0009125
328	123	-0.040913
328	124	-0.090695
328	285	-0.04887
328	287	0.5
328	289	6.268
328	290	-2.0602
328	291	9.9536
328	361	1.2599
328	364	0.32418
328	370	0.5
328	372	-0.17073
328	373	0.18995
328	386	-0.37196
329	131	-0.0077915
329	132	-0.40275
329	133	-0.26365
329	134	-0.0053585
329	135	-0.34158
329	136	-0.089235
329	285	-0.17419
329	288	0.5
329	289	0.38431
329	290	0.34017
329	291	1.1187
329	362	0.008864
329	365	0.32418
329	370	0.5
329	372	0.82303
329	373	0.65274
329	387	-0.37196
330	125	-0.26416
330	126	-0.63969
330	127	-0.001974
330	128	-0.018979
330	129	-0.10726
330	130	-0.0002055
330	274	-0.12644
330	276	0.5
330	278	1.4618
330	279	-0.89824
330	280	2.515
330	360	0.087463
330	379	-0.5
331	137	-0.14374
331	138	-0.56126
331	139	-0.001314
331	140	-0.18562
331	141	-0.92027
331	142	-0.000778
331	274	-0.20631
331	277	0.5
331	278	0.62765
331	279	0.47293
331	280	2.0701
331	361	0.4066
331	380	-0.5
332	143	-0.76566
332	146	-0.5
332	285	-0.5
332	362	0.33481
332	381	-0.5
332	471	0.26566
333	87	3.159
333	93	0.50406
333	144	-0.50365
333	147	-0.5
333	285	-0.5
333	472	0.060743
334	88	1.0508
334	94	0.49162
334	145	-0.31849
334	148	-0.5
334	285	-0.5
334	473	0.18151
335	89	5.1082
335	95	0.48556
335	300	-0.5
335	471	1.307
336	90	2.3858
336	96	0.50845
336	301	-0.5
336	472	0.5
337	91	0.77228
337	97	0.48258
337	302	-0.5
337	473	0.009749
338	92	3.7016
338	98	0.46996
338	297	-0.5
338	308	6.9638
338	319	0.083985
339	99	138.38
339	105	0.44385
339	298	-0.5
339	309	0.5489
339	320	0.41559
340	100	96.095
340	106	0.63103
340	299	-0.5
340	310	0.0018305
340	321	0.1154
341	101	232.65
341	107	0.41865
341	284	-0.0048315
341	289	-0.39329
341	292	0.083985
341	297	0.5
341	303	0.004479
341	308	0.37139
341	311	-0.083632
341	316	-0.4781
342	102	201.32
342	108	0.46636
342	284	-0.308
342	290	-0.39329
342	292	0.41559
342	298	0.5
342	303	0.2812
342	309	0.37139
342	311	-0.38879
342	317	-0.4781
343	103	121.98
343	109	0.5785
343	284	-0.080463
343	291	-0.39329
343	292	0.0004225
343	299	0.5
343	303	0.085716
343	310	0.37139
343	311	-0.0056755
343	318	-0.4781
344	104	347.21
344	110	0.45126
344	284	-0.5
344	287	0.5
344	292	-2.2385
344	295	-2.2385
344	303	0.76749
344	306	-0.76749
344	311	1.971
344	314	1.971
345	111	1.0736
345	117	0.36655
345	293	-0.5
345	304	0.5
346	112	0.91518
346	118	0.38535
346	294	0.5
346	313	-0.5
347	113	2.7097
347	119	0.45534
347	305	0.5
347	313	-0.5
348	114	0.79673
348	120	0.22236
348	308	0.5
348	309	0.5
348	310	0.5
349	115	0.75968
349	121	0.26148
349	297	0.5
349	298	0.5
349	299	0.5
350	116	2.9636
350	119	-0.045953
350	120	-0.98394
350	121	-1.4762
350	122	0.40653
350	123	-0.024433
350	124	-0.063199
350	304	-0.038213
350	306	0.5
350	308	3.8562
350	309	-1.2673
350	310	6.1222
351	123	4.3007
351	129	0.29086
351	131	-0.0073595
351	132	-0.37463
351	133	-0.28616
351	134	-0.0050815
351	135	-0.31902
351	136	-0.097246
351	304	-0.16815
351	307	0.5
351	308	0.36877
351	309	0.3266
351	310	1.0757
352	124	3.0987
352	125	-0.26483
352	126	-0.64009
352	127	-0.0023745
352	128	-0.019104
352	129	-0.10776
352	130	0.26586
352	293	-0.12711
352	295	0.5
352	297	1.4629
352	298	-0.89974
352	299	2.5165
353	125	18.835
353	131	0.58417
353	137	-0.14412
353	138	-0.56164
353	139	-0.001581
353	140	-0.18686
353	141	-0.92464
353	142	-0.00094
353	293	-0.20734
353	296	0.5
353	297	0.62744
353	298	0.47265
353	299	2.0733
354	126	5.4777
354	132	0.3747
354	143	-0.76877
354	146	-0.5
354	304	-0.5
354	474	0.26877
355	127	4.1432
355	133	0.35987
355	144	-0.50569
355	147	-0.5
355	304	-0.5
355	475	0.06099
356	128	17.546
356	134	0.55042
356	145	-0.31978
356	148	-0.5
356	304	-0.5
356	476	0.18022
357	135	0.21695
357	138	1.1399
357	319	-0.5
357	474	1.3169
358	136	0.056878
358	139	0.30349
358	320	-0.5
358	475	0.5
359	137	0.20177
359	140	0.0040025
359	321	-0.5
359	476	0.01027
360	141	0.57885
360	144	2.0211
360	316	-0.5
360	327	11.442
360	330	0.087463
361	142	0.20966
361	145	1.2248
361	317	-0.5
361	328	1.2599
361	331	0.4066
362	143	0.051233
362	146	0.18238
362	318	-0.5
362	329	0.008864
362	332	0.33481
363	111	-0.085257
363	116	-0.43578
363	151	86.287
363	154	7.4588
363	303	-0.004684
363	308	-0.38841
363	311	0.087463
363	316	0.5
363	322	0.002478
363	327	0.32418
364	111	-0.21715
364	117	-0.43578
364	152	80.792
364	155	6.0469
364	303	-0.29408
364	309	-0.38841
364	311	0.4066
364	317	0.5
364	322	0.10463
364	328	0.32418
365	111	-0.13337
365	118	-0.43578
365	153	72.657
365	156	2.87
365	303	-0.089642
365	310	-0.38841
365	311	0.0059355
365	318	0.5
365	322	0.21708
365	329	0.32418
366	111	-1.3047
366	114	1.3047
366	157	0.002251
366	158	0.47632
366	159	-0.5
366	303	-0.5
366	306	0.5
366	311	-1.284
366	314	-1.284
366	322	3.0887
366	325	-3.0887
367	158	0.47244
367	163	9.941
367	164	7.9993
367	165	3.8847
367	312	-0.5
367	323	0.5
368	113	-0.5
368	159	0.50407
368	163	49.414
368	164	73.778
368	165	65.422
368	313	0.5
369	113	-0.5
369	160	0.5
369	163	0.9006
369	324	0.5
370	161	0.5
370	164	1.0981
370	327	0.5
370	328	0.5
370	329	0.5
371	162	0.5
371	165	1.0304
371	316	0.5
371	317	0.5
371	318	0.5
372	119	-0.0039355
372	120	-0.056668
372	121	-0.57868
372	122	-5.25e-05
372	123	-0.001566
372	124	-0.027568
372	163	9.941
372	166	0.48702
372	323	-0.02595
372	325	0.5
372	327	0.52172
372	328	-0.17073
372	329	0.82303
373	131	-0.00288
373	132	-0.098599
373	133	-0.51262
373	134	-0.002213
373	135	-0.093431
373	136	-0.19385
373	164	7.9993
373	167	0.46567
373	323	-0.1141
373	326	0.5
373	327	0.21088
373	328	0.18995
373	329	0.65274
374	125	-0.29951
374	126	-0.68007
374	127	-0.036228
374	128	-0.024043
374	129	-0.1274
374	130	-0.0042135
374	165	3.8847
374	168	0.41386
374	312	-0.15566
374	314	0.5
374	316	1.5747
374	317	-0.99296
374	318	2.6968
375	137	-0.15135
375	138	-0.55412
375	139	-0.022397
375	140	-0.21836
375	141	-1.0151
375	142	-0.014819
375	169	-0.5
375	172	-0.5
375	175	0.028179
375	176	0.028179
375	177	0.028179
375	312	-0.22786
375	315	0.5
375	316	0.6065
375	317	0.45353
375	318	2.1137
376	143	-0.85546
376	146	-0.5
376	170	-0.5
376	173	-0.5
376	175	0.3698
376	176	0.3698
376	177	0.3698
376	323	-0.5
376	477	0.35546
377	144	-0.56272
377	147	-0.5
377	171	-0.5
377	174	-0.5
377	175	0.10202
377	176	0.10202
377	177	0.10202
377	323	-0.5
377	478	0.067868
378	145	-0.35585
378	148	-0.5
378	172	0.5
378	175	-0.5
378	323	-0.5
378	479	0.14415
379	173	0.5
379	176	-0.5
379	330	-0.5
379	477	1.5652
380	174	0.5
380	177	-0.5
380	331	-0.5
380	478	0.5
381	175	0.5
381	178	0.5
381	332	-0.5
381	479	0.035745
382	92	28.477
382	116	-0.5
382	152	0.097823
382	176	0.5
382	179	0.5
383	93	5.7919
383	117	-0.5
383	153	0.24915
383	177	0.5
383	180	0.5
384	94	0.16048
384	102	-9.7269
384	118	-0.5
384	154	0.47677
384	418	0.5
384	424	-0.047652
385	87	0.0012125
385	92	0.35292
385	103	-11.045
385	111	0.097823
385	116	0.5
385	322	-0.002843
385	327	-0.37196
385	419	0.5
385	424	-0.044099
386	87	0.015182
386	93	0.35292
386	104	-24.782
386	111	0.24915
386	117	0.5
386	322	-0.12004
386	328	-0.37196
386	420	0.5
386	424	-5.35e-05
387	86	-0.48096
387	87	0.33652
387	94	0.35292
387	111	0.15303
387	118	0.5
387	322	-0.24907
387	329	-0.37196
387	421	89.867
387	422	-1.2979
388	84	0.44088
388	87	0.72968
388	90	-0.72968
388	111	0.2112
388	114	-0.2112
388	322	-0.5
388	325	0.5
388	422	0.5
388	423	-0.048108
389	88	0.5
389	102	-0.5
389	103	-0.5
389	104	-0.5
389	112	-0.5
389	423	0.048108
389	424	-0.004447
390	113	0.5
390	126	0.46541
390	127	0.46541
390	128	0.46541
390	425	-0.56918
390	436	0.047671
391	89	0.5
391	126	0.40885
391	426	-0.27542
391	436	0.023068
392	112	-0.23106
392	114	0.5
392	116	1.32
392	117	-0.88684
392	118	2.2338
392	125	-0.28734
392	126	-0.35746
392	127	-0.39233
392	128	-0.02909
392	129	-0.084454
392	130	-0.11752
392	427	-0.22446
392	436	0.0188
393	112	-0.061748
393	115	0.5
393	116	0.27871
393	117	0.20377
393	118	1.1238
393	128	3.4034
393	137	-0.08754
393	138	-0.17559
393	139	-0.29862
393	140	-0.15928
393	141	-0.40569
393	142	-0.24917
393	428	-0.0010095
393	436	8.45e-05
394	100	0.5
394	101	0.5
394	102	0.5
394	429	-0.30157
394	430	-0.59571
394	431	-0.10451
394	432	-0.11618
395	96	0.5
395	126	-0.7941
395	155	33.112
395	430	0.5
395	436	-0.044804
396	96	0.5
396	127	-0.89474
396	156	57.531
396	431	0.5
396	436	-0.041141
397	96	0.5
397	128	-2.0064
397	157	118.67
397	432	0.5
397	436	-5e-05
398	96	0.5
398	158	66.622
398	433	0.59344
398	435	-0.43567
399	96	0.5
399	159	116.13
399	434	0.49593
399	435	-0.36707
400	96	0.5
400	126	-0.5
400	127	-0.5
400	128	-0.5
400	160	240.09
400	435	0.44891
400	436	-0.051214
401	155	-0.5
401	158	1.25
401	161	0.5
401	185	131.65
401	188	8.3551
402	156	-0.5
402	159	1.25
402	162	0.5
402	186	126.16
402	189	7.5457
403	157	-0.5
403	160	1.25
403	163	0.5
403	187	118.02
403	190	5.7201
404	155	-1.65e-05
404	158	1.65e-05
404	164	0.50378
404	191	0.0034215
404	192	0.48114
404	193	-0.5
405	156	-2.05e-05
405	159	2.05e-05
405	165	0.50216
405	192	0.47743
405	197	17.521
405	198	14.084
405	199	6.8343
406	157	-4.25e-05
406	160	4.25e-05
406	166	0.50104
406	193	0.50385
406	197	42.923
406	198	72.081
406	199	65.203
407	96	-0.001432
407	167	0.5
407	194	0.5
407	197	0.82945
408	96	-0.001158
408	168	0.5
408	195	0.5
408	198	1.0532
409	96	-0.0007655
409	169	0.5
409	196	0.5
409	199	1.0005
410	100	-0.81183
410	101	-1.2301
410	102	-2.3768
410	161	-0.10584
410	162	-0.15834
410	167	-0.23524
410	168	-0.0002525
410	169	-0.0003235
410	170	0.5
410	197	17.521
410	200	0.5
411	100	-1.65e-05
411	101	-2.05e-05
411	102	-4.25e-05
411	164	-0.27542
411	165	-0.22446
411	166	-0.0001215
411	171	0.5
411	198	14.084
411	201	0.48891
412	96	1.25
412	97	-0.5
412	170	-0.5
412	172	9.3686
412	199	6.8343
412	202	0.45812
413	96	5.7939
413	97	-5.7939
413	171	-1.5811e+05
413	173	747.18
413	203	-0.5
413	206	-0.5
413	209	0.0017175
413	210	0.0017175
413	211	0.0017175
414	172	0.47244
414	173	-0.51039
414	174	0.43141
414	204	-0.5
414	207	-0.5
414	209	0.021508
414	210	0.021508
414	211	0.021508
415	96	0.5
415	97	-0.5
415	174	0.52486
415	175	-111.06
415	205	-0.5
415	208	-0.5
415	209	0.47677
415	210	0.47677
415	211	0.47677
416	96	-0.55061
416	171	-10017
416	176	0.5
416	206	0.5
416	209	-0.5
417	171	-0.5
417	175	0.00407
417	177	0.0022695
417	207	0.5
417	210	-0.5
418	96	-0.68222
418	208	0.5
418	211	-0.5
418	384	0.5
419	96	-0.60941
419	209	0.5
419	212	0.5
419	385	0.5
420	96	-0.60543
420	210	0.5
420	213	0.5
420	386	0.5
421	96	-17.311
421	211	0.5
421	214	0.5
421	387	89.867
422	90	-0.023807
422	387	-1.2979
422	388	0.5
422	461	0.5
422	467	-1.15e-05
423	91	-0.028732
423	170	0.030722
423	171	-1312.8
423	174	-0.36707
423	176	0.023682
423	177	3.7896
423	388	-0.048108
423	389	0.048108
423	462	0.5
423	467	-0.0001765
424	92	-0.06478
424	98	0.5
424	100	1.786
424	101	-1.0893
424	102	3.0836
424	384	-0.047652
424	385	-0.044099
424	386	-5.35e-05
424	389	-0.004447
424	463	0.5
424	467	-0.0088125
425	97	0.5
425	390	-0.56918
425	464	135.23
425	465	-1.4
426	100	0.5
426	391	-0.27542
426	465	0.5
426	466	-0.84285
427	90	-0.5
427	91	-0.5
427	92	-0.5
427	101	0.5
427	392	-0.22446
427	466	0.84285
427	467	-0.071333
428	102	0.5
428	114	0.060748
428	115	0.060748
428	116	0.060748
428	393	-0.0010095
428	468	-0.56918
428	479	0.010615
429	96	0.30157
429	114	0.30278
429	394	-0.30157
429	469	-0.009745
429	479	0.0001815
430	96	-0.29982
430	115	0.1679
430	394	-0.59571
430	395	0.5
430	470	-0.067669
430	479	0.001262
431	96	-0.7017
431	116	0.053366
431	394	-0.10451
431	396	0.5
431	471	-0.47677
431	479	0.008892
432	96	-0.68519
432	394	-0.11618
432	397	0.5
432	472	-0.4538
432	473	-2.8559
432	474	-0.46784
432	475	-0.51733
433	96	0.5
433	114	-0.021621
433	175	-111.06
433	398	0.59344
433	473	0.5
433	479	-1.3e-05
434	115	-0.026087
434	171	111.06
434	175	-0.90405
434	399	0.49593
434	474	0.5
434	479	-0.000196
435	116	-0.058815
435	170	0.01024
435	176	-0.013949
435	177	1.2632
435	398	-0.43567
435	399	-0.36707
435	400	0.44891
435	475	0.5
435	479	-0.0098
436	99	0.5
436	100	0.46218
436	101	0.32549
436	102	1.6983
436	390	0.047671
436	391	0.023068
436	392	0.0188
436	393	8.45e-05
436	395	-0.044804
436	396	-0.041141
436	397	-5e-05
436	400	-0.051214
436	476	2.657
436	478	-0.50109
437	92	0.5
437	93	0.5
437	94	0.5
437	477	0.17242
437	478	-0.13239
438	88	0.5
438	114	-0.5
438	115	-0.5
438	116	-0.5
438	439	49.575
438	478	0.88349
438	479	-0.087371
439	88	0.5
439	438	49.575
439	440	86.32
439	444	-0.5
439	447	-1.65e-05
440	88	0.5
440	439	86.32
440	441	178.32
440	445	-0.5
440	448	-2.05e-05
441	88	0.5
441	440	178.32
441	442	100
441	446	-0.5
441	449	-4.25e-05
442	88	0.5
442	441	100
442	443	174.5
442	444	1.25
442	447	1.65e-05
443	88	0.5
443	442	174.5
443	444	361.03
443	445	1.25
443	448	2.05e-05
444	439	-0.5
444	442	1.25
444	443	361.03
444	445	0.5
444	446	1.25
444	449	4.25e-05
445	440	-0.5
445	443	1.25
445	444	0.5
445	446	0.5
445	453	-5e-07
446	441	-0.5
446	444	1.25
446	445	0.5
446	447	0.5
446	453	-0.0002555
447	439	-1.65e-05
447	442	1.65e-05
447	446	0.5
447	448	0.50251
447	453	-0.47719
448	440	-2.05e-05
448	443	2.05e-05
448	447	0.50251
448	449	0.50144
448	454	-0.0017175
449	441	-4.25e-05
449	444	4.25e-05
449	448	0.50144
449	450	0.50069
449	454	-0.021508
450	88	-0.0009455
450	449	0.50069
450	451	0.5
450	454	-0.47677
451	88	-0.0007655
451	450	0.5
451	452	0.5
451	453	-2.45e-05
452	88	-0.000507
452	451	0.5
452	453	0.49891
453	92	-0.32457
453	93	-0.51077
453	94	-1.0245
453	445	-5e-07
453	446	-0.0002555
453	447	-0.47719
453	451	-2.45e-05
453	452	0.49891
453	453	-0.042872
453	454	0.5
454	92	-1.65e-05
454	93	-2.05e-05
454	94	-4.2e-05
454	448	-0.0017175
454	449	-0.021508
454	450	-0.47677
454	453	0.5
454	466	0.75
454	478	0.25
455	88	1.25
455	89	-0.5
455	456	-1.5811e+05
455	459	-6066.3
455	460	-0.5
455	466	-10226
455	477	4576.4
456	88	13.032
456	89	-13.032
456	455	-1.5811e+05
456	457	1124.4
457	456	1124.4
457	457	-0.12505
457	458	0.033794
458	88	0.5
458	89	-0.5
458	457	0.033794
458	458	65.087
458	459	-4576.4
458	466	-0.094295
459	88	-0.75
459	455	-6066.3
459	458	-4576.4
459	460	0.8772
459	476	-4576.4
459	477	-3452.4
460	455	-0.5
460	459	0.8772
460	461	9.6e-05
460	466	0.092846
460	478	-0.25
461	88	-4.8016
461	422	0.5
461	460	9.6e-05
461	466	1.3342
461	478	0.44474
462	88	-4.7271
462	266	0.26199
462	269	1.2951
462	423	0.5
463	88	-4.7188
463	267	0.060452
463	270	0.5
463	424	0.5
464	88	-24.148
464	268	0.18304
464	271	0.0091615
464	425	135.23
465	288	0.26535
465	291	1.306
465	425	-1.4
465	426	0.5
466	289	0.060719
466	292	0.5
466	426	-0.84285
466	427	0.84285
466	454	0.75
466	455	-10226
466	458	-0.094295
466	460	0.092846
466	461	1.3342
467	90	0.5
467	92	0.26904
467	93	-0.18151
467	94	0.45677
467	290	0.18164
467	293	0.0096995
467	422	-1.15e-05
467	423	-0.0001765
467	424	-0.0088125
467	427	-0.071333
468	89	0.5
468	310	0.26557
468	313	1.3067
468	428	-0.56918
469	92	0.5
469	311	0.060736
469	314	0.5
469	429	-0.009745
470	93	0.5
470	312	0.18155
470	315	0.009735
470	430	-0.067669
471	94	0.5
471	332	0.26566
471	335	1.307
471	431	-0.47677
472	88	0.4538
472	333	0.060743
472	336	0.5
472	432	-0.4538
473	88	-2.188
473	334	0.18151
473	337	0.009749
473	432	-2.8559
473	433	0.5
474	88	-4.499
474	354	0.26877
474	357	1.3169
474	432	-0.46784
474	434	0.5
475	88	-4.441
475	355	0.06099
475	358	0.5
475	432	-0.51733
475	435	0.5
476	88	0.5
476	356	0.18022
476	359	0.01027
476	436	2.657
476	459	-4576.4
477	376	0.35546
477	379	1.5652
477	437	0.17242
477	455	4576.4
477	459	-3452.4
478	377	0.067868
478	380	0.5
478	436	-0.50109
478	437	-0.13239
478	438	0.88349
478	454	0.25
478	460	-0.25
478	461	0.44474
479	91	0.5
479	92	0.041236
479	93	0.034762
479	94	0.41988
479	378	0.14415
479	381	0.035745
479	428	0.010615
479	429	0.0001815
479	430	0.001262
479	431	0.008892
479	433	-1.3e-05
479	434	-0.000196
479	435	-0.0098
479	438	-0.087371
