0.000000
0.000000
0.000000
0.000013
0.001168
0.001188
0.002028
0.002698
0.001383
0.001450
0.001619
0.002233
0.002238
0.001977
0.003060
0.003843
0.004941
0.005603
0.009311
0.007038
0.005468
0.029180
0.011109
0.006536
0.008373
0.010392
0.020163
0.047240
0.019536
0.114241
0.021026
0.008872
0.040846
0.042190
0.037577
0.045008
0.027997
0.027285
0.009196
0.004354
0.003565
0.008339
0.012359
0.004238
0.009812
0.031792
0.013144
0.008345
0.010595
0.022658
0.022969
0.024913
0.020960
0.015992
0.008236
0.003715
0.003675
0.004759
0.003961
0.002623
0.007626
0.027734
0.059342
0.022872
0.015976
0.020370
0.011420
0.002359
0.016573
0.129567
0.068223
0.023889
0.118948
0.085825
0.031553
0.020444
0.157755
0.050553
0.018065
0.058042
0.135278
0.019576
0.013664
0.033064
0.081462
0.042941
0.010763
0.009673
0.008208
0.010926
0.003617
0.001923
0.001274
0.014813
0.023545
0.007597
0.004903
0.024887
0.016737
0.002089
0.000658
0.003612
0.005474
0.004998
0.002081
0.002447
0.000590
0.004886
0.004577
0.004200
0.003725
0.002343
0.002101
0.000668
0.000972
0.000105
0.006012
0.017212
0.018749
0.009978
0.002298
0.002677
0.003697
0.000678
0.002862
0.006723
0.005327
0.016536
0.003934
0.003592
0.000235
0.015805
0.011078
0.039731
0.010072
0.013422
0.018195
0.002721
0.006650
0.007307
0.012872
0.024725
0.016547
0.011877
0.007674
0.011853
0.001705
0.004549
0.034181
0.008826
0.006157
0.003160
0.000082
0.000044
0.002769
0.002421
0.001043
0.000038
0.003715
0.030482
0.011073
0.044113
0.007293
0.004675
0.003777
0.000905
0.005411
0.010302
0.008408
0.028401
0.003962
0.002806
0.000264
0.004693
0.072430
0.018215
0.019288
0.015444
0.028634
0.005939
0.002369
0.000686
0.012686
0.035708
0.095899
0.055941
0.025749
0.032086
0.026385
0.028973
0.029876
0.104707
0.032152
0.012703
0.008557
0.133614
0.030123
0.032170
0.041492
0.035761
0.022614
0.028217
0.029925
0.140608
0.036804
0.032380
0.062119
0.007095
0.004715
0.001020
0.003415
0.000914
0.000680
0.000027
0.000227
0.015708
0.009416
0.015107
0.033486
0.006738
0.006556
0.004218
0.010239
0.005685
0.010621
0.018039
0.009246
0.019992
0.004811
0.006351
0.005024
0.002004
0.005222
0.049651
0.140884
0.051577
0.028160
0.018356
0.006721
0.003093
0.000118
0.009569
0.019466
0.040024
0.095717
0.061763
0.085371
0.011563
0.010054
0.001453
0.002291
0.012864
0.022325
0.047001
0.030910
0.021278
0.020771
0.013742
0.017821
0.012400
0.009743
0.009975
0.009874
0.009319
0.009458
0.011362
0.011343
0.012622
0.012164
0.014611
0.014593
0.017970
0.018140
0.018760
0.019971
0.023997
0.020356
0.021095
0.023205
0.024441
0.023056
0.028313
0.025819
0.025120
0.025977
0.028263
0.025165
0.030437
0.030364
0.031337
0.028147
0.032564
0.029450
0.031444
0.026814
0.030922
0.028189
0.032379
0.028888
0.031887
