0.000000
0.000000
0.000000
0.000011
0.001104
0.000929
0.001565
0.001956
0.001086
0.001190
0.001187
0.001472
0.001469
0.002125
0.002853
0.004986
0.004405
0.005716
0.011499
0.003608
0.006169
0.038419
0.035915
0.019384
0.026592
0.007387
0.043491
0.024425
0.026381
0.144532
0.084126
0.010619
0.014067
0.030501
0.152529
0.156493
0.065820
0.096031
0.032018
0.014977
0.009753
0.023798
0.017530
0.008527
0.007327
0.024163
0.005460
0.011119
0.045524
0.017832
0.022406
0.021320
0.014581
0.011815
0.005842
0.009908
0.002944
0.002813
0.012852
0.006208
0.013761
0.015897
0.033618
0.014419
0.022155
0.017211
0.002687
0.002136
0.110728
0.164868
0.164624
0.155017
0.051476
0.135376
0.145992
0.023126
0.027146
0.024890
0.018597
0.125380
0.034819
0.096506
0.051142
0.144373
0.173982
0.134036
0.065163
0.068825
0.045996
0.007362
0.008989
0.001800
0.001153
0.029950
0.056968
0.006023
0.003045
0.025948
0.004783
0.001681
0.001071
0.012859
0.016556
0.007104
0.002294
0.001391
0.000368
0.004879
0.022402
0.002061
0.012705
0.003349
0.005237
0.001191
0.001057
0.000078
0.002631
0.006090
0.005501
0.003706
0.007027
0.002002
0.004314
0.000570
0.011151
0.030810
0.029897
0.005503
0.008619
0.004380
0.000204
0.032275
0.013136
0.009934
0.059459
0.046484
0.010717
0.006840
0.009291
0.006472
0.108975
0.019609
0.017499
0.081193
0.021317
0.026219
0.001420
0.012565
0.004270
0.008701
0.003810
0.006453
0.000085
0.000040
0.001150
0.001174
0.000727
0.000028
0.004148
0.004395
0.014697
0.061129
0.008857
0.004447
0.002119
0.000827
0.003035
0.027613
0.050383
0.003633
0.014129
0.001575
0.000229
0.035355
0.016979
0.021314
0.105872
0.025822
0.038826
0.010196
0.006064
0.001048
0.006567
0.029395
0.030604
0.085193
0.019802
0.019451
0.184513
0.023402
0.028486
0.013088
0.014249
0.013204
0.051499
0.018871
0.037104
0.052752
0.056925
0.081935
0.829118
0.109756
0.030763
0.127682
0.102628
0.089537
0.072435
0.039865
0.002555
0.000826
0.003367
0.000761
0.000806
0.000023
0.000217
0.006881
0.024713
0.049084
0.010849
0.007973
0.034727
0.003017
0.004026
0.040630
0.010592
0.019870
0.012736
0.005365
0.002874
0.012572
0.007023
0.001310
0.013194
0.027244
0.019722
0.019038
0.018983
0.077223
0.005421
0.002272
0.000106
0.016663
0.146114
0.190335
0.143666
0.037353
0.018754
0.012953
0.028802
0.002675
0.001839
0.008494
0.049379
0.069053
0.083294
0.097495
0.088139
0.074722
0.057516
0.073278
0.070970
0.044300
0.045961
0.050523
0.052420
0.046401
0.053255
0.058991
0.067837
0.076302
0.079328
0.079000
0.085975
0.095296
0.100154
0.113109
0.121194
0.120644
0.122449
0.127513
0.146219
0.253988
0.207183
0.178638
0.166229
0.176746
0.196047
0.213756
0.191259
0.177397
0.209012
0.204679
0.197863
0.173045
0.183935
0.221317
0.250958
0.162174
0.172368
0.166246
