0.985861 0.001382 0.029349
0.001013 0.070315 0.000000
0.099677 0.067097 0.017564
0.466198 0.057431 0.001553
0.224677 0.091078 0.007900
0.425075 0.113698 0.004392
0.865283 0.109874 0.014487
0.457819 0.161522 0.012455
0.998940 0.164517 0.014710
0.881329 0.203638 0.016068
0.496476 0.301916 0.007331
0.782843 0.281881 0.011310
0.900812 0.367281 0.016738
0.752294 0.428361 0.005638
0.517607 0.485460 0.005483
0.033550 0.529425 0.007692
0.030635 0.521788 0.035053
0.065444 0.500681 0.044470
0.370888 0.538216 0.044368
0.503709 0.511452 0.016968
0.177306 0.571379 0.033047
0.152583 0.616075 0.000873
0.613480 0.613651 0.039657
0.899531 0.603666 0.018961
0.948135 0.620770 0.017938
0.123477 0.691898 0.013475
0.350747 0.692953 0.043152
0.558087 0.698754 0.011137
0.688634 0.763349 0.013136
0.052705 0.812030 0.031832
0.484004 0.784108 0.029230
0.781153 0.797107 0.017222
0.017864 0.837649 0.011594
0.857253 0.867509 0.006604
0.218850 0.931882 0.034993
0.935482 0.918327 0.035002
0.217541 0.964760 0.044162
0.468477 0.976963 0.034237
0.602338 0.987155 0.004196
0.640354 0.037407 0.078208
0.715812 0.006906 0.086024
0.116452 0.050901 0.047246
0.543619 0.078666 0.048258
0.753850 0.067342 0.064579
0.548493 0.126962 0.059341
0.368600 0.152929 0.046595
0.757281 0.208193 0.055518
0.735129 0.223789 0.047494
0.768763 0.263471 0.087913
0.087057 0.298081 0.071753
0.566079 0.293755 0.059004
0.983900 0.332593 0.082388
0.729351 0.365369 0.086600
0.263720 0.446199 0.052910
0.834013 0.441114 0.059040
0.948730 0.431660 0.048196
0.168286 0.497929 0.068928
0.912796 0.464170 0.050078
0.384614 0.543123 0.054432
0.623734 0.523848 0.061932
0.706804 0.508822 0.079024
0.474999 0.568715 0.081408
0.423112 0.651019 0.060136
0.802774 0.647597 0.063062
0.157833 0.714489 0.071975
0.591769 0.712541 0.069769
0.924688 0.715144 0.060651
0.362332 0.762573 0.047485
0.718619 0.751948 0.064527
0.420136 0.772966 0.056950
0.753252 0.785417 0.071770
0.736780 0.856868 0.057011
0.835398 0.828433 0.081731
0.165485 0.897381 0.060558
0.196443 0.871551 0.090739
0.378791 0.867633 0.084308
0.119155 0.943917 0.060256
0.477390 0.933590 0.074397
0.624397 0.926349 0.087014
0.409419 0.995706 0.053045
0.581315 0.972894 0.069075
0.790119 0.017976 0.114523
0.530838 0.059966 0.110126
0.569907 0.083964 0.109140
0.122048 0.120174 0.134084
0.313586 0.125647 0.133287
0.652914 0.132704 0.099915
0.961900 0.099274 0.104402
0.489337 0.164335 0.104786
0.320333 0.184788 0.095214
0.841018 0.212476 0.130421
0.021229 0.275308 0.099168
0.441349 0.276392 0.117232
0.507116 0.298962 0.110276
0.619808 0.290402 0.096799
0.372730 0.357909 0.102647
0.220030 0.416485 0.103745
0.427393 0.426559 0.099326
0.724213 0.412561 0.102251
0.776701 0.442546 0.131516
0.017995 0.481924 0.125032
0.170565 0.483152 0.096001
0.167532 0.524756 0.100506
0.500832 0.504784 0.118391
0.452600 0.567199 0.094296
0.585369 0.587912 0.107070
0.959033 0.573125 0.129037
0.763275 0.618736 0.124931
0.795016 0.601731 0.109921
0.393119 0.647211 0.109501
0.121928 0.702196 0.107733
0.208791 0.721033 0.102401
0.568237 0.698367 0.113538
0.936405 0.706694 0.115482
0.366028 0.762047 0.097540
0.813266 0.736780 0.129746
0.238767 0.811728 0.101672
0.524436 0.782119 0.097500
0.334324 0.915216 0.134448
0.417017 0.935751 0.104512
0.106293 0.968166 0.131940
0.161511 0.034394 0.171723
0.324259 0.005383 0.175452
0.415371 0.028777 0.180011
0.919914 0.003543 0.178146
0.966456 0.009439 0.163000
0.871954 0.061943 0.143291
0.942967 0.073502 0.153771
0.253936 0.123573 0.160077
0.014478 0.181286 0.159139
0.320900 0.175304 0.162707
0.579948 0.156879 0.169103
0.680634 0.203878 0.163930
0.691009 0.220147 0.176879
0.037807 0.232592 0.167263
0.207870 0.246107 0.160404
0.740980 0.271860 0.180402
0.058938 0.279218 0.176414
0.565106 0.302459 0.141630
0.350853 0.358355 0.146437
0.356543 0.341457 0.169702
0.491186 0.318274 0.137996
0.348762 0.369866 0.161948
0.366161 0.371883 0.173998
0.680325 0.387450 0.147527
0.793218 0.379825 0.139831
0.085776 0.481131 0.180076
0.153211 0.454924 0.162422
0.255990 0.485001 0.142896
0.633598 0.457771 0.155867
0.631821 0.477498 0.173487
0.699213 0.489985 0.179232
0.476783 0.519713 0.150305
0.208541 0.546699 0.175968
0.487037 0.597765 0.179248
0.815189 0.633956 0.167922
0.586967 0.702714 0.161681
0.671717 0.683090 0.168476
0.817015 0.694315 0.139849
0.276885 0.770342 0.176287
0.451866 0.729677 0.142250
0.513963 0.762396 0.174697
0.814237 0.795172 0.142935
0.266867 0.856697 0.171995
0.202229 0.901398 0.142015
0.409291 0.885373 0.162192
0.896635 0.900943 0.170790
0.915612 0.889743 0.139189
0.234619 0.910508 0.157663
0.498636 0.932568 0.146189
0.053983 0.956555 0.140628
0.215694 0.989252 0.139962
0.276893 0.984156 0.161504
0.844554 0.955133 0.148145
0.408257 0.030980 0.192640
0.680644 0.036092 0.221661
0.004160 0.058922 0.214653
0.084891 0.051339 0.185124
0.321885 0.058908 0.194998
0.508424 0.077738 0.197732
0.352609 0.133281 0.220633
0.829715 0.124145 0.221606
0.344850 0.140435 0.221650
0.658628 0.154644 0.189138
0.226002 0.191126 0.217731
0.732840 0.186381 0.225183
0.061010 0.235941 0.197972
0.184856 0.237583 0.192750
0.193631 0.231861 0.204086
0.792954 0.279837 0.223182
0.946150 0.281010 0.199084
0.955042 0.282698 0.208130
0.388022 0.341394 0.208443
0.563515 0.333371 0.220213
0.615541 0.356059 0.197894
0.601064 0.321643 0.184298
0.031317 0.375162 0.193141
0.109321 0.380481 0.211215
0.657844 0.383181 0.194444
0.771427 0.382965 0.212610
0.856674 0.368350 0.201080
0.568318 0.434227 0.203152
0.130516 0.458375 0.218953
0.979346 0.469163 0.224277
0.197979 0.542549 0.201611
0.329737 0.572908 0.202476
0.523961 0.585905 0.200039
0.994459 0.555022 0.221577
0.379429 0.635825 0.193748
0.980267 0.642946 0.191300
0.673503 0.698185 0.191977
0.430639 0.739878 0.218792
0.957193 0.740202 0.215441
0.160599 0.808035 0.191665
0.195938 0.782014 0.194736
0.438704 0.806375 0.211513
0.416796 0.793252 0.205408
0.212185 0.834829 0.185368
0.578841 0.880509 0.189542
0.808824 0.871778 0.186789
0.884463 0.869006 0.191837
0.451278 0.931399 0.215242
0.258477 0.996878 0.196645
0.681098 0.045041 0.250012
0.013447 0.100607 0.229918
0.081327 0.126885 0.234113
0.082525 0.110344 0.267911
0.541190 0.106029 0.255734
0.175859 0.157456 0.257162
0.650218 0.180884 0.257180
0.301981 0.219236 0.231301
0.375453 0.187283 0.229594
0.838138 0.218349 0.270695
0.219369 0.254287 0.243005
0.802608 0.227332 0.266696
0.990600 0.270796 0.262735
0.590872 0.331007 0.250691
0.598051 0.336267 0.258991
0.063610 0.375595 0.238455
0.260757 0.378091 0.232601
0.651600 0.371190 0.233685
0.075800 0.477365 0.238013
0.061339 0.485348 0.246670
0.279082 0.530214 0.235396
0.777654 0.534677 0.237801
0.108061 0.560858 0.245488
0.132162 0.583943 0.248028
0.247418 0.567923 0.254071
0.386361 0.565415 0.268579
0.241384 0.628540 0.234829
0.241486 0.626209 0.269117
0.129156 0.677557 0.236827
0.973445 0.670804 0.238211
0.266329 0.713300 0.249152
0.319590 0.718880 0.231889
0.449674 0.724750 0.267932
0.558601 0.701492 0.263977
0.632213 0.695984 0.245697
0.689144 0.689320 0.271142
0.860774 0.690954 0.257655
0.056026 0.760510 0.267038
0.139310 0.774427 0.230768
0.870204 0.788428 0.234228
0.140320 0.907111 0.230521
0.497173 0.878149 0.233881
0.208228 0.989029 0.239704
0.029483 0.084316 0.298347
0.085400 0.070809 0.312595
0.789810 0.069479 0.292874
0.249438 0.112351 0.292059
0.054257 0.159999 0.297016
0.354231 0.164768 0.310321
0.381178 0.184082 0.304134
0.946523 0.268939 0.284029
0.885578 0.362318 0.299205
0.152968 0.433937 0.287296
0.239419 0.421303 0.289760
0.511056 0.435291 0.312666
0.812308 0.435498 0.283639
0.435390 0.477456 0.274901
0.030382 0.521939 0.277192
0.025782 0.553527 0.290193
0.366143 0.549672 0.296104
0.536944 0.579453 0.310042
0.592965 0.578381 0.316700
0.859204 0.556560 0.316001
0.843799 0.592914 0.272486
0.971456 0.595900 0.314805
0.666602 0.652190 0.279686
0.124162 0.712753 0.301507
0.415872 0.688474 0.313727
0.485828 0.710175 0.276641
0.674861 0.681110 0.279390
0.718399 0.727599 0.298885
0.993398 0.759824 0.299548
0.279867 0.796016 0.292196
0.664951 0.794605 0.288648
0.698617 0.791707 0.282213
0.932906 0.794739 0.307519
0.070645 0.834042 0.304293
0.139765 0.819850 0.277009
0.206187 0.830408 0.306055
0.702891 0.849867 0.316182
0.904163 0.856700 0.299500
0.182036 0.893370 0.279469
0.061864 0.949119 0.282225
0.574271 0.042092 0.344734
0.631917 0.000000 0.346425
0.231552 0.052562 0.346937
0.761176 0.047189 0.328228
0.930508 0.060865 0.362876
0.944229 0.155139 0.343607
0.492233 0.215970 0.353120
0.262131 0.235558 0.335599
0.421531 0.292768 0.357519
0.625802 0.311712 0.320613
0.736783 0.275601 0.350362
0.332548 0.354051 0.322144
0.104163 0.368287 0.327221
0.416436 0.403432 0.362051
0.653607 0.382138 0.331285
0.255527 0.436537 0.359538
0.021655 0.487001 0.325947
0.403775 0.481952 0.333418
0.433977 0.461238 0.335409
0.556062 0.455686 0.354976
0.232989 0.527414 0.338927
0.362595 0.512617 0.339272
0.642005 0.534601 0.323423
0.035643 0.571406 0.355953
0.243001 0.570403 0.351090
0.832660 0.577501 0.331169
0.030617 0.591313 0.329573
0.254896 0.628123 0.337551
0.640661 0.630234 0.336410
0.370698 0.653405 0.318557
0.892947 0.674623 0.345981
0.974859 0.680923 0.362394
0.584160 0.725346 0.345183
0.025813 0.769703 0.323479
0.595599 0.742866 0.345884
0.857095 0.729876 0.332435
0.645473 0.798759 0.357666
0.677688 0.844365 0.332066
0.946009 0.819817 0.332632
0.293948 0.863256 0.333971
0.369290 0.876586 0.320088
0.670330 0.886235 0.341842
0.128588 0.941794 0.352054
0.490898 0.921408 0.360207
0.813493 0.911190 0.334235
0.064335 0.976905 0.329050
0.960899 0.998817 0.349776
0.089711 0.073474 0.384136
0.050791 0.052373 0.393652
0.647133 0.072579 0.378949
0.601319 0.133806 0.386761
0.894033 0.103442 0.367186
0.081576 0.172652 0.374615
0.158558 0.148976 0.380602
0.752315 0.172183 0.380420
0.909770 0.159903 0.391538
0.972080 0.148428 0.396482
0.628550 0.213271 0.388817
0.599467 0.204058 0.395330
0.000000 0.244530 0.382298
0.620661 0.247384 0.364707
0.154037 0.307250 0.368603
0.708298 0.280014 0.371903
0.611417 0.345623 0.393414
0.072017 0.383105 0.390927
0.400264 0.374824 0.394397
0.445973 0.386841 0.407166
0.369205 0.446591 0.387825
0.786737 0.447046 0.399715
0.713050 0.484997 0.369870
0.816438 0.466897 0.394439
0.034047 0.512881 0.399471
0.836296 0.534886 0.384952
0.150056 0.610455 0.382251
0.685409 0.627723 0.396649
0.822397 0.606580 0.372224
0.205043 0.673128 0.365422
0.496648 0.672761 0.401742
0.508675 0.667176 0.396822
0.157248 0.718265 0.406971
0.523942 0.736072 0.385431
0.815476 0.766369 0.395477
0.243335 0.810898 0.381631
0.654103 0.808348 0.400926
0.803791 0.772029 0.392634
0.982214 0.819451 0.398137
0.615105 0.877935 0.376955
0.024951 0.917069 0.391211
0.170659 0.928513 0.397380
0.145008 0.952574 0.383711
0.456486 0.940441 0.401916
0.943789 0.945688 0.377173
0.094955 0.954759 0.389069
0.147766 0.995125 0.402734
0.084567 0.045493 0.444738
0.173658 0.058961 0.448980
0.351135 0.059708 0.448643
0.427131 0.046447 0.451004
0.297548 0.125982 0.412165
0.342468 0.171118 0.423839
0.419874 0.234040 0.421496
0.588686 0.227487 0.447808
0.678318 0.230889 0.449622
0.363608 0.276372 0.451769
0.394444 0.303472 0.416770
0.946828 0.378562 0.417552
0.504820 0.415923 0.436555
0.023748 0.466076 0.414176
0.293771 0.474045 0.429235
0.290106 0.486231 0.449546
0.437978 0.464855 0.425756
0.119498 0.541214 0.411834
0.288294 0.514159 0.414022
0.527527 0.587844 0.430842
0.606834 0.567475 0.416736
0.125434 0.659952 0.424373
0.335973 0.664035 0.419794
0.021062 0.706675 0.436632
0.011192 0.691853 0.449063
0.415818 0.724688 0.415094
0.031935 0.757296 0.409137
0.032007 0.726632 0.435409
0.270410 0.741064 0.425496
0.631536 0.757592 0.422594
0.883705 0.752687 0.417724
0.108709 0.777944 0.444007
0.163578 0.772927 0.433922
0.557211 0.773129 0.447183
0.468893 0.884845 0.425647
0.772168 0.865763 0.420437
0.076303 0.925228 0.430440
0.495192 0.932599 0.445763
0.901282 0.973965 0.409952
0.866867 0.038384 0.487706
0.564061 0.089012 0.463280
0.793256 0.073236 0.483867
0.959572 0.078103 0.492274
0.364317 0.134834 0.455301
0.085989 0.172985 0.480444
0.564701 0.147714 0.488373
0.451152 0.211145 0.456326
0.601210 0.199288 0.487849
0.609973 0.196998 0.454100
0.174765 0.267733 0.454623
0.271421 0.244025 0.476945
0.410316 0.254555 0.494648
0.389597 0.314130 0.491628
0.019501 0.351849 0.475274
0.304787 0.326420 0.465284
0.503501 0.318758 0.493970
0.934220 0.361808 0.455066
0.434297 0.397981 0.467563
0.550969 0.407161 0.495653
0.710543 0.382546 0.459757
0.818505 0.373974 0.479772
0.041193 0.410946 0.487030
0.101218 0.430479 0.461427
0.840489 0.415119 0.467911
0.543670 0.511294 0.458663
0.667252 0.517207 0.466961
0.727431 0.510550 0.474769
0.776540 0.529103 0.499126
0.407745 0.564623 0.488508
0.722317 0.556791 0.457537
0.532883 0.598563 0.462984
0.654213 0.623654 0.473186
0.779032 0.598009 0.468160
0.834824 0.622539 0.457726
0.114585 0.675790 0.454541
0.447699 0.693651 0.468203
0.565042 0.691518 0.476179
0.745195 0.703035 0.490756
0.125009 0.750249 0.458907
0.144471 0.730630 0.487885
0.252640 0.737887 0.473184
0.650232 0.802798 0.476426
0.857557 0.789819 0.461453
0.969065 0.843700 0.455745
0.157493 0.959381 0.489475
0.705514 0.018817 0.524981
0.712042 0.023361 0.520066
0.745657 0.006066 0.518472
0.720850 0.053419 0.519169
0.172458 0.129742 0.532402
0.317756 0.117162 0.526117
0.119669 0.137440 0.542594
0.575616 0.142969 0.499829
0.957893 0.173919 0.515785
0.017894 0.194404 0.523066
0.735135 0.202178 0.520616
0.288585 0.240264 0.513114
0.474136 0.231125 0.514805
0.171185 0.284207 0.543710
0.149372 0.343542 0.522801
0.222788 0.335319 0.520592
0.329126 0.327790 0.508372
0.604980 0.347216 0.509652
0.835354 0.332653 0.535950
0.078546 0.418213 0.526954
0.570561 0.441038 0.502268
0.988341 0.445748 0.514653
0.400533 0.466933 0.517589
0.887285 0.474543 0.512761
0.160398 0.574085 0.531421
0.249724 0.549538 0.515284
0.538472 0.570953 0.535006
0.658492 0.583407 0.516951
0.830234 0.601362 0.519330
0.865538 0.610662 0.527867
0.521997 0.667802 0.537690
0.743092 0.659420 0.506800
0.821457 0.723699 0.538651
0.877987 0.708032 0.512524
0.040399 0.766790 0.519297
0.488630 0.738683 0.536261
0.538998 0.746623 0.512540
0.713513 0.727375 0.525315
0.585733 0.811570 0.516435
0.692251 0.791478 0.524500
0.224748 0.817671 0.543707
0.689289 0.860977 0.509659
0.807935 0.860276 0.544065
0.907900 0.860584 0.505950
0.046164 0.901977 0.535005
0.600150 0.882444 0.506741
0.149704 0.941831 0.503171
0.324813 0.910554 0.510770
0.677843 0.934418 0.519410
0.065052 0.980893 0.527414
0.372338 0.073575 0.566176
0.272898 0.102978 0.573288
0.446470 0.179512 0.569447
0.024979 0.207474 0.560318
0.197058 0.196032 0.575673
0.828309 0.211067 0.582111
0.872150 0.192566 0.565176
0.074753 0.267419 0.578977
0.174787 0.264371 0.564107
0.345487 0.230792 0.549367
0.420569 0.257562 0.569922
0.810179 0.245873 0.567820
0.417144 0.324987 0.563977
0.628104 0.326044 0.577641
0.172712 0.385879 0.575788
0.743053 0.402508 0.555446
0.228853 0.425189 0.578731
0.679535 0.442809 0.552795
0.389397 0.458967 0.556023
0.590076 0.463063 0.586395
0.145650 0.523509 0.571621
0.804472 0.563214 0.575646
0.790593 0.620971 0.550061
0.063830 0.667899 0.573644
0.201298 0.645526 0.586787
0.463011 0.657789 0.562300
0.520204 0.641315 0.574001
0.820416 0.704824 0.580365
0.489805 0.737859 0.561063
0.539534 0.732612 0.549676
0.921950 0.729728 0.553512
0.017377 0.803524 0.586308
0.046040 0.815764 0.561553
0.734903 0.809577 0.556768
0.930893 0.815131 0.572800
0.379394 0.854110 0.572236
0.534003 0.838470 0.552073
0.548207 0.851374 0.557604
0.628864 0.830347 0.565800
0.916955 0.858236 0.549296
0.949178 0.847448 0.551605
0.029019 0.886076 0.547395
0.398286 0.902218 0.548359
0.547668 0.865071 0.580726
0.796640 0.863605 0.589586
0.173832 0.923614 0.558901
0.224171 0.917800 0.546924
0.342651 0.915596 0.546807
0.486026 0.936333 0.548900
0.690089 0.995784 0.581821
0.000950 0.031385 0.614809
0.155094 0.060966 0.619116
0.988059 0.106162 0.591203
0.135209 0.143576 0.627701
0.186057 0.154103 0.600606
0.350480 0.160341 0.629860
0.447211 0.177513 0.612810
0.679722 0.145718 0.598773
0.797622 0.177825 0.606103
0.121485 0.188000 0.614119
0.543001 0.215551 0.626855
0.960073 0.199482 0.629263
0.140158 0.227213 0.599188
0.434751 0.242203 0.631836
0.928868 0.242953 0.596717
0.158325 0.283057 0.597950
0.214548 0.310356 0.608742
0.262597 0.309707 0.607653
0.759416 0.343894 0.593859
0.833317 0.329159 0.631757
0.049077 0.400008 0.609313
0.357652 0.408244 0.595735
0.584653 0.367927 0.600126
0.565175 0.432548 0.603053
0.743388 0.476870 0.620486
0.816540 0.461970 0.632732
0.357219 0.509234 0.626573
0.485266 0.532287 0.593491
0.514854 0.542950 0.612358
0.779070 0.525654 0.629720
0.106159 0.551554 0.611104
0.751919 0.633155 0.598210
0.779974 0.625786 0.617081
0.459412 0.661080 0.605633
0.683350 0.749056 0.597386
0.743558 0.776142 0.612051
0.707596 0.844230 0.622160
0.127016 0.892390 0.606924
0.149349 0.906432 0.591708
0.218507 0.889578 0.617792
0.333873 0.964797 0.591988
0.763746 0.027847 0.656873
0.794331 0.002953 0.664683
0.981859 0.133838 0.641666
0.164906 0.159482 0.661987
0.333285 0.144622 0.666850
0.514146 0.167878 0.671867
0.866493 0.148115 0.639517
0.948756 0.154746 0.650928
0.247732 0.218877 0.652948
0.306915 0.205891 0.655082
0.935917 0.214705 0.645980
0.077241 0.253647 0.676231
0.286648 0.248889 0.661588
0.408733 0.256193 0.659749
0.490100 0.252443 0.658608
0.238889 0.317264 0.652052
0.743426 0.275416 0.649519
0.288258 0.320469 0.662444
0.313582 0.333508 0.645649
0.088831 0.416521 0.674687
0.062274 0.411550 0.666889
0.092622 0.444846 0.652040
0.451734 0.438848 0.672988
0.726313 0.417448 0.680556
0.759596 0.451576 0.665497
0.977796 0.425251 0.669806
0.769596 0.454203 0.636315
0.419157 0.520405 0.668914
0.099410 0.580000 0.641697
0.481784 0.552028 0.654071
0.666028 0.548461 0.667959
0.283159 0.633613 0.648986
0.608446 0.623730 0.644384
0.301722 0.650908 0.680985
0.405728 0.702004 0.661171
0.538944 0.715239 0.639990
0.306837 0.756351 0.645340
0.235080 0.799311 0.667552
0.602953 0.783576 0.675001
0.870256 0.775862 0.640648
0.031248 0.854807 0.661419
0.103558 0.833102 0.658587
0.718773 0.836807 0.659881
0.830388 0.859457 0.651704
0.018604 0.890047 0.642048
0.229248 0.899246 0.651508
0.094770 0.984398 0.651648
0.896874 0.990777 0.651386
0.109131 0.078816 0.703090
0.219494 0.088717 0.706455
0.193492 0.046757 0.703399
0.678557 0.075196 0.705395
0.095844 0.120728 0.713273
0.769183 0.125090 0.688449
0.843510 0.113183 0.684554
0.159827 0.144689 0.682104
0.225114 0.162764 0.698995
0.898246 0.136719 0.689128
0.643264 0.208610 0.688844
0.761196 0.214309 0.708865
0.922040 0.250379 0.683903
0.104541 0.360692 0.719198
0.273847 0.408351 0.722287
0.339811 0.366038 0.725342
0.485449 0.377209 0.687572
0.273566 0.414018 0.709813
0.064172 0.488668 0.682043
0.067293 0.484512 0.683250
0.771009 0.486406 0.696989
0.180959 0.530655 0.725285
0.153409 0.565185 0.688981
0.851472 0.585132 0.691879
0.165148 0.619565 0.725790
0.896223 0.593884 0.690925
0.036693 0.669429 0.698216
0.079560 0.676306 0.701557
0.525907 0.653644 0.701184
0.135800 0.682221 0.719741
0.118529 0.695316 0.687911
0.705798 0.720673 0.705292
0.977198 0.690685 0.693261
0.498751 0.748160 0.689701
0.575754 0.757970 0.699785
0.875544 0.729472 0.715636
0.712245 0.808457 0.687139
0.145642 0.822115 0.687583
0.249334 0.839281 0.708473
0.587161 0.867589 0.682185
0.946473 0.939165 0.702369
0.301849 0.966978 0.697819
0.729657 0.989663 0.709063
0.584994 0.026064 0.762338
0.547460 0.025635 0.763543
0.033949 0.064952 0.770588
0.168939 0.072908 0.750165
0.385891 0.055859 0.765526
0.404397 0.075175 0.737255
0.708178 0.084977 0.755777
0.743232 0.073535 0.764531
0.972324 0.080078 0.769431
0.108166 0.177272 0.760524
0.072690 0.202689 0.732592
0.429803 0.198355 0.759190
0.410607 0.182579 0.760664
0.576562 0.186859 0.771313
0.829647 0.189347 0.765203
0.033999 0.292905 0.748202
0.326725 0.284823 0.730898
0.098844 0.344301 0.757615
0.493719 0.362405 0.755415
0.410836 0.454620 0.733417
0.859015 0.474177 0.728917
0.523367 0.586828 0.736279
0.040303 0.602240 0.766058
0.352403 0.626586 0.744067
0.742814 0.669750 0.739721
0.830386 0.645584 0.729506
0.646682 0.690009 0.749458
0.689175 0.714181 0.728334
0.750688 0.695404 0.753856
0.829840 0.695500 0.767756
0.249134 0.768839 0.749245
0.319669 0.761452 0.765192
0.374018 0.745247 0.766307
0.540775 0.746009 0.758693
0.172464 0.773296 0.747016
0.277512 0.819275 0.769469
0.424913 0.817465 0.749944
0.882244 0.854299 0.758191
0.953630 0.868738 0.750098
0.969500 0.885699 0.760726
0.571450 0.946721 0.737227
0.639133 0.915542 0.762168
0.167156 0.984804 0.753904
0.348276 0.032689 0.782158
0.609970 0.044124 0.812406
0.309147 0.103522 0.775874
0.365998 0.123448 0.813228
0.525278 0.091258 0.782124
0.618579 0.100682 0.804081
0.712566 0.134059 0.788168
0.548685 0.165178 0.773441
0.960414 0.217134 0.782468
0.163663 0.245152 0.791150
0.928300 0.266011 0.792774
0.930273 0.245182 0.800026
0.567610 0.400248 0.806349
0.730561 0.410555 0.813276
0.237549 0.494701 0.781993
0.419030 0.477483 0.813616
0.483421 0.467097 0.778881
0.973326 0.491565 0.804906
0.996902 0.466859 0.799377
0.043950 0.514495 0.786557
0.367762 0.574056 0.814275
0.595926 0.549203 0.776978
0.943488 0.576776 0.816915
0.100616 0.634442 0.794764
0.512737 0.607745 0.798444
0.199436 0.714833 0.776129
0.479730 0.699202 0.813374
0.570713 0.718619 0.775139
0.719908 0.699316 0.784682
0.109974 0.769712 0.785072
0.438612 0.781311 0.774780
0.057259 0.860175 0.772623
0.286458 0.842619 0.815062
0.570870 0.843926 0.817310
0.224557 0.874488 0.801877
0.432916 0.936592 0.778921
0.661156 0.928627 0.786231
0.086530 0.953710 0.801213
0.508731 0.955882 0.779597
0.911980 0.970024 0.797866
0.095517 0.022130 0.856870
0.786685 0.076980 0.841110
0.869301 0.083942 0.847518
0.864882 0.093926 0.861269
0.050852 0.138412 0.856055
0.992212 0.168766 0.849847
0.151648 0.216369 0.823488
0.245952 0.195903 0.835991
0.234305 0.237471 0.822294
0.515510 0.263858 0.833642
0.708256 0.249545 0.850089
0.827683 0.228325 0.861423
0.920128 0.239786 0.822059
0.309820 0.285405 0.842891
0.330956 0.312170 0.834820
0.990080 0.303056 0.861961
0.006229 0.323577 0.842962
0.239772 0.361325 0.820720
0.469308 0.338177 0.853792
0.667883 0.386432 0.831090
0.913346 0.393176 0.831545
0.068643 0.476033 0.849077
0.305300 0.512998 0.845975
0.472900 0.506115 0.835060
0.931984 0.513224 0.859504
0.086762 0.612514 0.824951
0.153120 0.593712 0.834938
0.673589 0.596462 0.820927
0.727343 0.630540 0.823255
0.813561 0.595770 0.851931
0.900855 0.610244 0.827817
0.122423 0.647800 0.848689
0.451861 0.666829 0.819199
0.233654 0.683671 0.854230
0.430887 0.687139 0.836200
0.872302 0.707322 0.859799
0.220334 0.748361 0.831027
0.220885 0.765986 0.829714
0.683830 0.748859 0.859654
0.194894 0.801050 0.824253
0.238447 0.811577 0.831381
0.515400 0.815013 0.854022
0.946864 0.814307 0.843130
0.267312 0.883124 0.828425
0.360972 0.938837 0.823928
0.596455 0.919977 0.821171
0.669702 0.911845 0.824224
0.871359 0.916219 0.854527
0.124911 0.953753 0.838095
0.203662 0.966556 0.860191
0.595681 0.986454 0.822792
0.123454 0.040197 0.875226
0.338260 0.007465 0.869327
0.003232 0.079642 0.903295
0.096115 0.055744 0.890500
0.668638 0.054645 0.865481
0.717898 0.072594 0.879054
0.689733 0.058044 0.907114
0.752334 0.072411 0.884701
0.970662 0.083095 0.867360
0.315156 0.103822 0.883805
0.559058 0.113534 0.872729
0.640643 0.102193 0.863354
0.269324 0.149957 0.866336
0.234577 0.183937 0.876690
0.425857 0.221245 0.889146
0.823884 0.208784 0.900845
0.865163 0.192333 0.865549
0.237608 0.291793 0.900038
0.489250 0.275443 0.903607
0.966016 0.301114 0.890447
0.654630 0.350824 0.879334
0.981127 0.379526 0.907996
0.257992 0.424061 0.897908
0.699153 0.408795 0.900585
0.734415 0.451566 0.872040
0.215364 0.527164 0.863636
0.246004 0.516794 0.867985
0.049460 0.595652 0.864165
0.058633 0.591672 0.885684
0.622221 0.671373 0.871278
0.277542 0.703056 0.870370
0.628522 0.725137 0.888566
0.497458 0.748017 0.890731
0.812025 0.769085 0.896518
0.241295 0.774774 0.887096
0.617823 0.818917 0.880932
0.350821 0.880164 0.889042
0.406907 0.904950 0.895445
0.431643 0.906341 0.907549
0.556767 0.899605 0.900938
0.704846 0.882922 0.905004
0.053275 0.936652 0.885480
0.647032 0.970807 0.884363
0.865025 0.992622 0.876611
0.531392 0.016219 0.951583
0.364014 0.083238 0.929563
0.493300 0.080086 0.945019
0.185803 0.133764 0.946038
0.869367 0.093126 0.909613
0.366572 0.141341 0.942092
0.460399 0.138591 0.916314
0.742252 0.171104 0.939719
0.088319 0.198475 0.929733
0.428126 0.213342 0.953467
0.850899 0.211884 0.939310
0.170205 0.282552 0.910847
0.096142 0.343021 0.917017
0.434354 0.348882 0.919112
0.432385 0.356982 0.934648
0.212894 0.380352 0.928521
0.305977 0.388327 0.939175
0.572207 0.397187 0.953381
0.350847 0.411935 0.915681
0.615136 0.437112 0.933456
0.147988 0.485660 0.947171
0.459994 0.497829 0.935531
0.588398 0.462783 0.944446
0.922404 0.459960 0.951613
0.076619 0.541241 0.914232
0.140233 0.514839 0.947699
0.069223 0.547202 0.934860
0.326478 0.582745 0.930079
0.952995 0.554033 0.910731
0.002890 0.612476 0.908943
0.313677 0.601974 0.920823
0.709955 0.606509 0.939112
0.013929 0.642704 0.917841
0.075913 0.671959 0.913016
0.984768 0.643722 0.938357
0.065821 0.686497 0.930430
0.658101 0.698881 0.948420
0.620158 0.732799 0.953191
0.056076 0.814352 0.952805
0.585840 0.811620 0.939865
0.471917 0.831878 0.949445
0.818135 0.860553 0.908203
0.934914 0.858491 0.952425
0.416038 0.884923 0.945038
0.813680 0.863973 0.910688
0.859050 0.906981 0.950267
0.939877 0.902349 0.952488
0.542479 0.933151 0.924537
0.727587 0.944477 0.940157
0.675221 0.958505 0.927871
0.877358 0.978323 0.933391
0.009990 0.058397 0.977109
0.000643 0.100594 0.955509
0.042386 0.129824 0.969214
0.164385 0.116167 0.960950
0.755432 0.123761 0.975754
0.242840 0.159650 0.983875
0.408036 0.167010 0.985425
0.802567 0.163143 0.992859
0.121590 0.208226 0.994513
0.223880 0.231830 0.954907
0.749171 0.246454 0.957309
0.275372 0.301188 0.954285
0.343375 0.316737 0.980135
0.490732 0.295249 0.967990
0.722591 0.313663 0.977007
0.929953 0.290891 0.975394
0.300022 0.349029 0.995520
0.037325 0.367484 0.974726
0.079300 0.407902 0.963154
0.141631 0.398977 0.954528
0.305118 0.366244 0.960453
0.535507 0.403306 0.966903
0.540036 0.391247 0.990202
0.755389 0.365063 0.982544
0.708459 0.419870 0.965343
0.891127 0.438875 0.982162
0.023271 0.483448 0.967661
0.083639 0.466393 0.978044
0.262445 0.487737 0.991237
0.493628 0.539419 0.955478
0.165330 0.553293 0.975451
0.578554 0.587372 0.995328
0.087311 0.605832 0.967874
0.912736 0.630416 0.975781
0.110947 0.679677 0.995107
0.622337 0.636395 0.974151
0.845304 0.664070 0.973187
0.351644 0.698110 0.995224
0.823676 0.701931 0.954409
0.836547 0.730585 0.962919
0.900975 0.759422 0.998284
0.892227 0.784309 0.974046
0.202904 0.823304 0.965830
0.352435 0.847612 0.961109
0.478509 0.821988 0.967329
0.519867 0.862717 0.953585
0.756830 0.849083 0.995452
0.150052 0.880003 0.991584
0.707377 0.883289 0.994655
0.971421 0.878813 0.994492
0.199548 0.931165 0.979391
0.568192 0.920054 0.978450
0.135680 0.978582 0.961492
0.278127 0.991541 0.960684
